0 0
2.13 0
4.26 0
6.38 0.01
8.51 0.01
10.64 0.01
12.77 0.02
14.89 0.03
17.02 0.04
19.15 0.05
21.28 0.06
23.4 0.07
25.53 0.08
27.66 0.1
29.79 0.11
31.92 0.13
34.04 0.14
36.17 0.16
38.3 0.18
40.43 0.2
42.55 0.23
44.68 0.25
46.81 0.27
48.94 0.3
51.06 0.33
53.19 0.35
55.32 0.38
57.45 0.41
59.57 0.44
61.7 0.48
63.83 0.51
65.96 0.54
68.08 0.58
70.21 0.62
72.34 0.65
74.47 0.69
76.59 0.73
78.72 0.77
80.85 0.82
82.98 0.86
85.1 0.91
87.23 0.95
89.36 1
91.48 1.05
93.61 1.1
95.74 1.15
97.87 1.2
99.99 1.25
102.12 1.3
104.25 1.36
106.37 1.41
108.5 1.47
110.63 1.53
112.75 1.59
114.88 1.65
117.01 1.71
119.14 1.77
121.26 1.84
123.39 1.9
125.52 1.97
127.64 2.04
129.77 2.11
131.9 2.18
134.02 2.25
136.15 2.32
138.27 2.39
140.4 2.46
142.53 2.54
144.65 2.62
146.78 2.69
148.91 2.77
151.03 2.85
153.16 2.93
155.29 3.02
157.41 3.1
159.54 3.18
161.66 3.27
163.79 3.35
165.92 3.44
168.04 3.53
170.17 3.62
172.29 3.71
174.42 3.8
176.54 3.9
178.67 3.99
180.8 4.09
182.92 4.18
185.05 4.28
187.17 4.38
189.3 4.48
191.42 4.58
193.55 4.69
195.67 4.79
197.8 4.89
199.92 5
202.05 5.11
204.17 5.21
206.3 5.32
208.42 5.43
210.55 5.55
212.67 5.66
214.8 5.77
216.92 5.89
219.05 6
221.17 6.12
223.3 6.24
225.42 6.36
227.54 6.48
229.67 6.6
231.79 6.72
233.92 6.85
236.04 6.97
238.16 7.1
240.29 7.22
242.41 7.35
244.54 7.48
246.66 7.61
248.78 7.74
250.91 7.88
253.03 8.01
255.15 8.15
257.28 8.28
259.4 8.42
261.52 8.56
263.65 8.7
265.77 8.84
267.89 8.98
270.02 9.12
272.14 9.27
274.26 9.41
276.38 9.56
278.51 9.71
280.63 9.86
282.75 10.01
284.87 10.16
287 10.31
289.12 10.46
291.24 10.62
293.36 10.77
295.49 10.93
297.61 11.09
299.73 11.25
301.85 11.41
303.97 11.57
306.09 11.73
308.21 11.89
310.34 12.06
312.46 12.22
314.58 12.39
316.7 12.56
318.82 12.73
320.94 12.9
323.06 13.07
325.18 13.24
327.3 13.41
329.42 13.59
331.55 13.76
333.67 13.94
335.79 14.12
337.91 14.3
340.03 14.48
342.15 14.66
344.27 14.84
346.39 15.03
348.51 15.21
350.62 15.4
352.74 15.58
354.86 15.77
356.98 15.96
359.1 16.15
361.22 16.34
363.34 16.54
365.46 16.73
367.58 16.92
369.7 17.12
371.82 17.32
373.93 17.52
376.05 17.72
378.17 17.92
380.29 18.12
382.41 18.32
384.52 18.53
386.64 18.73
388.76 18.94
390.88 19.14
392.99 19.35
395.11 19.56
397.23 19.77
399.35 19.98
401.46 20.2
403.58 20.41
405.7 20.63
407.81 20.84
409.93 21.06
412.05 21.28
414.16 21.5
416.28 21.72
418.4 21.94
420.51 22.17
422.63 22.39
424.74 22.61
426.86 22.84
428.97 23.07
431.09 23.3
433.21 23.53
435.32 23.76
437.44 23.99
439.55 24.22
441.67 24.46
443.78 24.69
445.89 24.93
448.01 25.17
450.12 25.41
452.24 25.65
454.35 25.89
456.47 26.13
458.58 26.37
460.69 26.62
462.81 26.86
464.92 27.11
467.03 27.36
469.15 27.61
471.26 27.86
473.37 28.11
475.48 28.36
477.6 28.61
479.71 28.87
481.82 29.13
483.93 29.38
486.05 29.64
488.16 29.9
490.27 30.16
492.38 30.42
494.49 30.68
496.6 30.95
498.72 31.21
500.83 31.48
502.94 31.74
505.05 32.01
507.16 32.28
509.27 32.55
511.38 32.82
513.49 33.1
515.6 33.37
517.71 33.64
519.82 33.92
521.93 34.2
524.04 34.48
526.15 34.75
528.26 35.04
530.37 35.32
532.47 35.6
534.58 35.88
536.69 36.17
538.8 36.45
540.91 36.74
543.02 37.03
545.12 37.32
547.23 37.61
549.34 37.9
551.45 38.19
553.56 38.49
555.66 38.78
557.77 39.08
559.88 39.38
561.98 39.67
564.09 39.97
566.2 40.27
568.3 40.58
570.41 40.88
572.51 41.18
574.62 41.49
576.73 41.79
578.83 42.1
580.94 42.41
583.04 42.72
585.15 43.03
587.25 43.34
589.36 43.66
591.46 43.97
593.56 44.28
595.67 44.6
597.77 44.92
599.88 45.24
601.98 45.56
604.08 45.88
606.19 46.2
608.29 46.52
610.39 46.85
612.49 47.17
614.6 47.5
616.7 47.83
618.8 48.15
620.9 48.48
623.01 48.81
625.11 49.15
627.21 49.48
629.31 49.81
631.41 50.15
633.51 50.49
635.61 50.82
637.71 51.16
639.81 51.5
641.91 51.84
644.01 52.18
646.11 52.53
648.21 52.87
650.31 53.22
652.41 53.56
654.51 53.91
656.61 54.26
658.71 54.61
660.81 54.96
662.91 55.31
665 55.67
667.1 56.02
669.2 56.38
671.3 56.73
673.4 57.09
675.49 57.45
677.59 57.81
679.69 58.17
681.78 58.53
683.88 58.9
685.98 59.26
688.07 59.62
690.17 59.99
692.26 60.36
694.36 60.73
696.46 61.1
698.55 61.47
700.65 61.84
702.74 62.21
704.83 62.59
706.93 62.96
709.02 63.34
711.12 63.72
713.21 64.1
715.3 64.48
717.4 64.86
719.49 65.24
721.58 65.62
723.68 66.01
725.77 66.39
727.86 66.78
729.95 67.17
732.05 67.56
734.14 67.95
736.23 68.34
738.32 68.73
740.41 69.12
742.5 69.52
744.59 69.91
746.68 70.31
748.77 70.71
750.86 71.11
752.95 71.51
755.04 71.91
757.13 72.31
759.22 72.71
761.31 73.12
763.4 73.52
765.49 73.93
767.58 74.34
769.66 74.75
771.75 75.16
773.84 75.57
775.93 75.98
778.01 76.39
780.1 76.81
782.19 77.22
784.27 77.64
786.36 78.06
788.45 78.48
790.53 78.9
792.62 79.32
794.7 79.74
796.79 80.16
798.87 80.59
800.96 81.01
803.04 81.44
805.13 81.87
807.21 82.3
809.29 82.73
811.38 83.16
813.46 83.59
815.54 84.02
817.63 84.46
819.71 84.89
821.79 85.33
823.88 85.77
825.96 86.2
828.04 86.64
830.12 87.09
832.2 87.53
834.28 87.97
836.36 88.42
838.44 88.86
840.52 89.31
842.6 89.75
844.68 90.2
846.76 90.65
848.84 91.1
850.92 91.56
853 92.01
855.08 92.46
857.16 92.92
859.24 93.38
861.31 93.83
863.39 94.29
865.47 94.75
867.55 95.21
869.62 95.67
871.7 96.14
873.78 96.6
875.85 97.07
877.93 97.53
880.01 98
882.08 98.47
884.16 98.94
886.23 99.41
888.31 99.88
890.38 100.36
892.45 100.83
894.53 101.31
896.6 101.78
898.68 102.26
900.75 102.74
902.82 103.22
904.89 103.7
906.97 104.18
909.04 104.66
911.11 105.15
913.18 105.63
915.25 106.12
917.33 106.61
919.4 107.09
921.47 107.58
923.54 108.08
925.61 108.57
927.68 109.06
929.75 109.55
931.82 110.05
933.88 110.55
935.95 111.04
938.02 111.54
940.09 112.04
942.16 112.54
944.23 113.04
946.29 113.55
948.36 114.05
950.43 114.55
952.49 115.06
954.56 115.57
956.63 116.08
958.69 116.59
960.76 117.1
962.82 117.61
964.89 118.12
966.95 118.63
969.02 119.15
971.08 119.67
973.15 120.18
975.21 120.7
977.27 121.22
979.34 121.74
981.4 122.26
983.46 122.78
985.52 123.31
987.59 123.83
989.65 124.36
991.71 124.89
993.77 125.41
995.83 125.94
997.89 126.47
999.95 127
1002.01 127.54
1004.07 128.07
1006.13 128.6
1008.19 129.14
1010.25 129.68
1012.31 130.22
1014.37 130.75
1016.42 131.29
1018.48 131.84
1020.54 132.38
1022.6 132.92
1024.65 133.47
1026.71 134.01
1028.77 134.56
1030.82 135.11
1032.88 135.65
1034.93 136.2
1036.99 136.76
1039.04 137.31
1041.1 137.86
1043.15 138.42
1045.21 138.97
1047.26 139.53
1049.31 140.09
1051.37 140.64
1053.42 141.2
1055.47 141.76
1057.52 142.33
1059.58 142.89
1061.63 143.45
1063.68 144.02
1065.73 144.59
1067.78 145.15
1069.83 145.72
1071.88 146.29
1073.93 146.86
1075.98 147.43
1078.03 148.01
1080.08 148.58
1082.13 149.16
1084.17 149.73
1086.22 150.31
1088.27 150.89
1090.32 151.47
1092.36 152.05
1094.41 152.63
1096.46 153.21
1098.5 153.8
1100.55 154.38
1102.59 154.97
1104.64 155.55
1106.68 156.14
1108.73 156.73
1110.77 157.32
1112.82 157.91
1114.86 158.5
1116.9 159.1
1118.95 159.69
1120.99 160.29
1123.03 160.89
1125.07 161.48
1127.12 162.08
1129.16 162.68
1131.2 163.28
1133.24 163.89
1135.28 164.49
1137.32 165.09
1139.36 165.7
1141.4 166.31
1143.44 166.91
1145.48 167.52
1147.51 168.13
1149.55 168.74
1151.59 169.36
1153.63 169.97
1155.67 170.58
1157.7 171.2
1159.74 171.81
1161.77 172.43
1163.81 173.05
1165.85 173.67
1167.88 174.29
1169.92 174.91
1171.95 175.54
1173.99 176.16
1176.02 176.78
1178.05 177.41
1180.09 178.04
1182.12 178.67
1184.15 179.3
1186.18 179.93
1188.22 180.56
1190.25 181.19
1192.28 181.82
1194.31 182.46
1196.34 183.09
1198.37 183.73
1200.4 184.37
1202.43 185.01
1204.46 185.65
1206.49 186.29
1208.52 186.93
1210.54 187.57
1212.57 188.22
1214.6 188.86
1216.63 189.51
1218.65 190.16
1220.68 190.81
1222.7 191.46
1224.73 192.11
1226.76 192.76
1228.78 193.41
1230.81 194.07
1232.83 194.72
1234.85 195.38
1236.88 196.04
1238.9 196.7
1240.92 197.36
1242.95 198.02
1244.97 198.68
1246.99 199.34
1249.01 200
1251.03 200.67
1253.05 201.33
1255.07 202
1257.09 202.67
1259.11 203.34
1261.13 204.01
1263.15 204.68
1265.17 205.35
1267.19 206.03
1269.21 206.7
1271.23 207.38
1273.24 208.05
1275.26 208.73
1277.28 209.41
1279.29 210.09
1281.31 210.77
1283.32 211.45
1285.34 212.14
1287.35 212.82
1289.37 213.51
1291.38 214.19
1293.39 214.88
1295.41 215.57
1297.42 216.26
1299.43 216.95
1301.45 217.64
1303.46 218.33
1305.47 219.03
1307.48 219.72
1309.49 220.42
1311.5 221.12
1313.51 221.81
1315.52 222.51
1317.53 223.21
1319.54 223.91
1321.55 224.62
1323.55 225.32
1325.56 226.03
1327.57 226.73
1329.58 227.44
1331.58 228.15
1333.59 228.85
1335.6 229.56
1337.6 230.28
1339.61 230.99
1341.61 231.7
1343.61 232.41
1345.62 233.13
1347.62 233.85
1349.63 234.56
1351.63 235.28
1353.63 236
1355.63 236.72
1357.63 237.44
1359.64 238.17
1361.64 238.89
1363.64 239.61
1365.64 240.34
1367.64 241.07
1369.64 241.8
1371.63 242.52
1373.63 243.26
1375.63 243.99
1377.63 244.72
1379.63 245.45
1381.62 246.19
1383.62 246.92
1385.62 247.66
1387.61 248.4
1389.61 249.13
1391.6 249.87
1393.6 250.61
1395.59 251.36
1397.58 252.1
1399.58 252.84
1401.57 253.59
1403.56 254.33
1405.56 255.08
1407.55 255.83
1409.54 256.58
1411.53 257.33
1413.52 258.08
1415.51 258.83
1417.5 259.59
1419.49 260.34
1421.48 261.1
1423.47 261.85
1425.46 262.61
1427.44 263.37
1429.43 264.13
1431.42 264.89
1433.41 265.65
1435.39 266.42
1437.38 267.18
1439.36 267.95
1441.35 268.71
1443.33 269.48
1445.32 270.25
1447.3 271.02
1449.28 271.79
1451.27 272.56
1453.25 273.33
1455.23 274.1
1457.21 274.88
1459.19 275.65
1461.18 276.43
1463.16 277.21
1465.14 277.99
1467.12 278.77
1469.09 279.55
1471.07 280.33
1473.05 281.11
1475.03 281.9
1477.01 282.68
1478.98 283.47
1480.96 284.26
1482.94 285.04
1484.91 285.83
1486.89 286.62
1488.86 287.42
1490.84 288.21
1492.81 289
1494.79 289.8
1496.76 290.59
1498.73 291.39
1500.71 292.19
1502.68 292.99
1504.65 293.78
1506.62 294.59
1508.59 295.39
1510.56 296.19
1512.53 296.99
1514.5 297.8
1516.47 298.61
1518.44 299.41
1520.41 300.22
1522.38 301.03
1524.34 301.84
1526.31 302.65
1528.28 303.46
1530.24 304.28
1532.21 305.09
1534.17 305.91
1536.14 306.73
1538.1 307.54
1540.07 308.36
1542.03 309.18
1543.99 310
1545.96 310.82
1547.92 311.65
1549.88 312.47
1551.84 313.3
1553.8 314.12
1555.76 314.95
1557.72 315.78
1559.68 316.61
1561.64 317.44
1563.6 318.27
1565.56 319.1
1567.52 319.93
1569.47 320.77
1571.43 321.6
1573.39 322.44
1575.34 323.28
1577.3 324.11
1579.25 324.95
1581.21 325.79
1583.16 326.64
1585.11 327.48
1587.07 328.32
1589.02 329.17
1590.97 330.01
1592.93 330.86
1594.88 331.71
1596.83 332.56
1598.78 333.41
1600.73 334.26
1602.68 335.11
1604.63 335.96
1606.58 336.82
1608.52 337.67
1610.47 338.53
1612.42 339.39
1614.37 340.24
1616.31 341.1
1618.26 341.96
1620.21 342.82
1622.15 343.69
1624.1 344.55
1626.04 345.41
1627.98 346.28
1629.93 347.15
1631.87 348.01
1633.81 348.88
1635.75 349.75
1637.7 350.62
1639.64 351.49
1641.58 352.37
1643.52 353.24
1645.46 354.12
1647.4 354.99
1649.33 355.87
1651.27 356.75
1653.21 357.62
1655.15 358.5
1657.08 359.39
1659.02 360.27
1660.96 361.15
1662.89 362.03
1664.83 362.92
1666.76 363.81
1668.69 364.69
1670.63 365.58
1672.56 366.47
1674.49 367.36
1676.43 368.25
1678.36 369.14
1680.29 370.04
1682.22 370.93
1684.15 371.83
1686.08 372.72
1688.01 373.62
1689.94 374.52
1691.87 375.42
1693.79 376.32
1695.72 377.22
1697.65 378.12
1699.57 379.03
1701.5 379.93
1703.43 380.84
1705.35 381.74
1707.27 382.65
1709.2 383.56
1711.12 384.47
1713.04 385.38
1714.97 386.29
1716.89 387.2
1718.81 388.12
1720.73 389.03
1722.65 389.95
1724.57 390.87
1726.49 391.78
1728.41 392.7
1730.33 393.62
1732.25 394.54
1734.17 395.47
1736.08 396.39
1738 397.31
1739.92 398.24
1741.83 399.16
1743.75 400.09
1745.66 401.02
1747.58 401.95
1749.49 402.88
1751.4 403.81
1753.31 404.74
1755.23 405.67
1757.14 406.61
1759.05 407.54
1760.96 408.48
1762.87 409.42
1764.78 410.36
1766.69 411.29
1768.6 412.23
1770.51 413.18
1772.41 414.12
1774.32 415.06
1776.23 416.01
1778.13 416.95
1780.04 417.9
1781.95 418.84
1783.85 419.79
1785.75 420.74
1787.66 421.69
1789.56 422.64
1791.46 423.6
1793.37 424.55
1795.27 425.5
1797.17 426.46
1799.07 427.42
1800.97 428.37
1802.87 429.33
1804.77 430.29
1806.67 431.25
1808.56 432.21
1810.46 433.18
1812.36 434.14
1814.26 435.1
1816.15 436.07
1818.05 437.04
1819.94 438
1821.84 438.97
1823.73 439.94
1825.62 440.91
1827.52 441.89
1829.41 442.86
1831.3 443.83
1833.19 444.81
1835.08 445.78
1836.97 446.76
1838.86 447.74
1840.75 448.71
1842.64 449.69
1844.53 450.67
1846.42 451.66
1848.3 452.64
1850.19 453.62
1852.08 454.61
1853.96 455.59
1855.85 456.58
1857.73 457.57
1859.62 458.56
1861.5 459.55
1863.38 460.54
1865.27 461.53
1867.15 462.52
1869.03 463.51
1870.91 464.51
1872.79 465.51
1874.67 466.5
1876.55 467.5
1878.43 468.5
1880.31 469.5
1882.18 470.5
1884.06 471.5
1885.94 472.5
1887.81 473.51
1889.69 474.51
1891.57 475.52
1893.44 476.52
1895.31 477.53
1897.19 478.54
1899.06 479.55
1900.93 480.56
1902.8 481.57
1904.68 482.58
1906.55 483.6
1908.42 484.61
1910.29 485.63
1912.16 486.65
1914.02 487.66
1915.89 488.68
1917.76 489.7
1919.63 490.72
1921.49 491.74
1923.36 492.77
1925.22 493.79
1927.09 494.81
1928.95 495.84
1930.82 496.87
1932.68 497.89
1934.54 498.92
1936.41 499.95
1938.27 500.98
1940.13 502.01
1941.99 503.05
1943.85 504.08
1945.71 505.11
1947.57 506.15
1949.42 507.19
1951.28 508.22
1953.14 509.26
1955 510.3
1956.85 511.34
1958.71 512.38
1960.56 513.43
1962.42 514.47
1964.27 515.51
1966.12 516.56
1967.98 517.61
1969.83 518.65
1971.68 519.7
1973.53 520.75
1975.38 521.8
1977.23 522.85
1979.08 523.9
1980.93 524.96
1982.78 526.01
1984.62 527.07
1986.47 528.12
1988.32 529.18
1990.16 530.24
1992.01 531.3
1993.85 532.36
1995.7 533.42
1997.54 534.48
1999.39 535.54
2001.23 536.61
2003.07 537.67
2004.91 538.74
2006.75 539.81
2008.59 540.87
2010.43 541.94
2012.27 543.01
2014.11 544.08
2015.95 545.16
2017.79 546.23
2019.62 547.3
2021.46 548.38
2023.29 549.45
2025.13 550.53
2026.96 551.61
2028.8 552.69
2030.63 553.77
2032.47 554.85
2034.3 555.93
2036.13 557.01
2037.96 558.09
2039.79 559.18
2041.62 560.26
2043.45 561.35
2045.28 562.44
2047.11 563.53
2048.93 564.62
2050.76 565.71
2052.59 566.8
2054.41 567.89
2056.24 568.98
2058.06 570.08
2059.89 571.17
2061.71 572.27
2063.54 573.37
2065.36 574.46
2067.18 575.56
2069 576.66
2070.82 577.76
2072.64 578.87
2074.46 579.97
2076.28 581.07
2078.1 582.18
2079.92 583.28
2081.73 584.39
2083.55 585.5
2085.37 586.61
2087.18 587.72
2089 588.83
2090.81 589.94
2092.62 591.05
2094.44 592.17
2096.25 593.28
2098.06 594.4
2099.87 595.51
2101.68 596.63
2103.49 597.75
2105.3 598.87
2107.11 599.99
2108.92 601.11
2110.73 602.23
2112.53 603.36
2114.34 604.48
2116.15 605.6
2117.95 606.73
2119.76 607.86
2121.56 608.99
2123.36 610.11
2125.17 611.24
2126.97 612.38
2128.77 613.51
2130.57 614.64
2132.37 615.77
2134.17 616.91
2135.97 618.04
2137.77 619.18
2139.57 620.32
2141.37 621.46
2143.16 622.6
2144.96 623.74
2146.76 624.88
2148.55 626.02
2150.34 627.16
2152.14 628.31
2153.93 629.45
2155.72 630.6
2157.52 631.75
2159.31 632.9
2161.1 634.05
2162.89 635.2
2164.68 636.35
2166.47 637.5
2168.26 638.65
2170.04 639.8
2171.83 640.96
2173.62 642.12
2175.4 643.27
2177.19 644.43
2178.97 645.59
2180.76 646.75
2182.54 647.91
2184.32 649.07
2186.1 650.23
2187.89 651.4
2189.67 652.56
2191.45 653.72
2193.23 654.89
2195.01 656.06
2196.78 657.23
2198.56 658.4
2200.34 659.57
2202.12 660.74
2203.89 661.91
2205.67 663.08
2207.44 664.25
2209.22 665.43
2210.99 666.6
2212.76 667.78
2214.53 668.96
2216.31 670.14
2218.08 671.32
2219.85 672.5
2221.62 673.68
2223.39 674.86
2225.15 676.04
2226.92 677.23
2228.69 678.41
2230.46 679.6
2232.22 680.79
2233.99 681.97
2235.75 683.16
2237.52 684.35
2239.28 685.54
2241.04 686.73
2242.8 687.93
2244.57 689.12
2246.33 690.31
2248.09 691.51
2249.85 692.71
2251.61 693.9
2253.36 695.1
2255.12 696.3
2256.88 697.5
2258.64 698.7
2260.39 699.9
2262.15 701.11
2263.9 702.31
2265.65 703.52
2267.41 704.72
2269.16 705.93
2270.91 707.14
2272.66 708.34
2274.41 709.55
2276.16 710.76
2277.91 711.97
2279.66 713.19
2281.41 714.4
2283.16 715.61
2284.9 716.83
2286.65 718.04
2288.4 719.26
2290.14 720.48
2291.88 721.7
2293.63 722.92
2295.37 724.14
2297.11 725.36
2298.85 726.58
2300.6 727.8
2302.34 729.03
2304.08 730.25
2305.81 731.48
2307.55 732.71
2309.29 733.94
2311.03 735.16
2312.76 736.39
2314.5 737.62
2316.23 738.86
2317.97 740.09
2319.7 741.32
2321.44 742.56
2323.17 743.79
2324.9 745.03
2326.63 746.27
2328.36 747.5
2330.09 748.74
2331.82 749.98
2333.55 751.22
2335.28 752.46
2337 753.71
2338.73 754.95
2340.46 756.2
2342.18 757.44
2343.91 758.69
2345.63 759.93
2347.35 761.18
2349.07 762.43
2350.8 763.68
2352.52 764.93
2354.24 766.18
2355.96 767.44
2357.68 768.69
2359.4 769.95
2361.11 771.2
2362.83 772.46
2364.55 773.71
2366.26 774.97
2367.98 776.23
2369.69 777.49
2371.41 778.75
2373.12 780.02
2374.83 781.28
2376.54 782.54
2378.26 783.81
2379.97 785.07
2381.68 786.34
2383.38 787.61
2385.09 788.87
2386.8 790.14
2388.51 791.41
2390.21 792.68
2391.92 793.96
2393.63 795.23
2395.33 796.5
2397.03 797.78
2398.74 799.05
2400.44 800.33
2402.14 801.61
2403.84 802.88
2405.54 804.16
2407.24 805.44
2408.94 806.72
2410.64 808.01
2412.34 809.29
2414.03 810.57
2415.73 811.86
2417.42 813.14
2419.12 814.43
2420.81 815.72
2422.51 817
2424.2 818.29
2425.89 819.58
2427.58 820.87
2429.27 822.17
2430.96 823.46
2432.65 824.75
2434.34 826.05
2436.03 827.34
2437.72 828.64
2439.4 829.94
2441.09 831.23
2442.78 832.53
2444.46 833.83
2446.14 835.13
2447.83 836.43
2449.51 837.74
2451.19 839.04
2452.87 840.35
2454.55 841.65
2456.23 842.96
2457.91 844.26
2459.59 845.57
2461.27 846.88
2462.94 848.19
2464.62 849.5
2466.3 850.81
2467.97 852.12
2469.64 853.44
2471.32 854.75
2472.99 856.07
2474.66 857.38
2476.33 858.7
2478 860.02
2479.67 861.34
2481.34 862.66
2483.01 863.98
2484.68 865.3
2486.35 866.62
2488.01 867.94
2489.68 869.27
2491.34 870.59
2493.01 871.92
2494.67 873.24
2496.33 874.57
2498 875.9
2499.66 877.23
2501.32 878.56
2502.98 879.89
2504.64 881.22
2506.3 882.55
2507.96 883.89
2509.61 885.22
2511.27 886.56
2512.92 887.89
2514.58 889.23
2516.23 890.57
2517.89 891.91
2519.54 893.25
2521.19 894.59
2522.84 895.93
2524.5 897.27
2526.15 898.61
2527.79 899.96
2529.44 901.3
2531.09 902.65
2532.74 904
2534.39 905.34
2536.03 906.69
2537.68 908.04
2539.32 909.39
2540.96 910.74
2542.61 912.1
2544.25 913.45
2545.89 914.8
2547.53 916.16
2549.17 917.51
2550.81 918.87
2552.45 920.23
2554.09 921.58
2555.72 922.94
2557.36 924.3
2559 925.66
2560.63 927.03
2562.27 928.39
2563.9 929.75
2565.53 931.12
2567.16 932.48
2568.8 933.85
2570.43 935.21
2572.06 936.58
2573.69 937.95
2575.31 939.32
2576.94 940.69
2578.57 942.06
2580.19 943.43
2581.82 944.81
2583.44 946.18
2585.07 947.56
2586.69 948.93
2588.31 950.31
2589.94 951.68
2591.56 953.06
2593.18 954.44
2594.8 955.82
2596.42 957.2
2598.03 958.58
2599.65 959.97
2601.27 961.35
2602.89 962.73
2604.5 964.12
2606.11 965.5
2607.73 966.89
2609.34 968.28
2610.95 969.67
2612.57 971.06
2614.18 972.45
2615.79 973.84
2617.4 975.23
2619 976.62
2620.61 978.02
2622.22 979.41
2623.83 980.8
2625.43 982.2
2627.04 983.6
2628.64 985
2630.24 986.39
2631.85 987.79
2633.45 989.19
2635.05 990.6
2636.65 992
2638.25 993.4
2639.85 994.8
2641.45 996.21
2643.04 997.61
2644.64 999.02
2646.24 1000.43
2647.83 1001.84
2649.43 1003.25
2651.02 1004.65
2652.61 1006.07
2654.21 1007.48
2655.8 1008.89
2657.39 1010.3
2658.98 1011.72
2660.57 1013.13
2662.16 1014.55
2663.74 1015.96
2665.33 1017.38
2666.92 1018.8
2668.5 1020.22
2670.09 1021.64
2671.67 1023.06
2673.25 1024.48
2674.84 1025.9
2676.42 1027.33
2678 1028.75
2679.58 1030.17
2681.16 1031.6
2682.74 1033.03
2684.31 1034.45
2685.89 1035.88
2687.47 1037.31
2689.04 1038.74
2690.62 1040.17
2692.19 1041.6
2693.76 1043.04
2695.34 1044.47
2696.91 1045.9
2698.48 1047.34
2700.05 1048.78
2701.62 1050.21
2703.19 1051.65
2704.76 1053.09
2706.32 1054.53
2707.89 1055.97
2709.46 1057.41
2711.02 1058.85
2712.58 1060.29
2714.15 1061.74
2715.71 1063.18
2717.27 1064.62
2718.83 1066.07
2720.39 1067.52
2721.95 1068.96
2723.51 1070.41
2725.07 1071.86
2726.63 1073.31
2728.18 1074.76
2729.74 1076.21
2731.29 1077.67
2732.85 1079.12
2734.4 1080.57
2735.95 1082.03
2737.51 1083.48
2739.06 1084.94
2740.61 1086.4
2742.16 1087.86
2743.71 1089.32
2745.25 1090.78
2746.8 1092.24
2748.35 1093.7
2749.89 1095.16
2751.44 1096.62
2752.98 1098.09
2754.52 1099.55
2756.07 1101.02
2757.61 1102.48
2759.15 1103.95
2760.69 1105.42
2762.23 1106.89
2763.77 1108.36
2765.3 1109.83
2766.84 1111.3
2768.38 1112.77
2769.91 1114.25
2771.45 1115.72
2772.98 1117.19
2774.52 1118.67
2776.05 1120.15
2777.58 1121.62
2779.11 1123.1
2780.64 1124.58
2782.17 1126.06
2783.7 1127.54
2785.22 1129.02
2786.75 1130.5
2788.28 1131.99
2789.8 1133.47
2791.33 1134.95
2792.85 1136.44
2794.37 1137.92
2795.9 1139.41
2797.42 1140.9
2798.94 1142.39
2800.46 1143.88
2801.98 1145.37
2803.49 1146.86
2805.01 1148.35
2806.53 1149.84
2808.04 1151.33
2809.56 1152.83
2811.07 1154.32
2812.59 1155.82
2814.1 1157.32
2815.61 1158.81
2817.12 1160.31
2818.63 1161.81
2820.14 1163.31
2821.65 1164.81
2823.16 1166.31
2824.66 1167.81
2826.17 1169.32
2827.67 1170.82
2829.18 1172.33
2830.68 1173.83
2832.19 1175.34
2833.69 1176.84
2835.19 1178.35
2836.69 1179.86
2838.19 1181.37
2839.69 1182.88
2841.19 1184.39
2842.68 1185.9
2844.18 1187.41
2845.68 1188.93
2847.17 1190.44
2848.67 1191.96
2850.16 1193.47
2851.65 1194.99
2853.14 1196.51
2854.63 1198.02
2856.12 1199.54
2857.61 1201.06
2859.1 1202.58
2860.59 1204.1
2862.08 1205.63
2863.56 1207.15
2865.05 1208.67
2866.53 1210.2
2868.01 1211.72
2869.5 1213.25
2870.98 1214.78
2872.46 1216.3
2873.94 1217.83
2875.42 1219.36
2876.9 1220.89
2878.38 1222.42
2879.85 1223.95
2881.33 1225.48
2882.81 1227.02
2884.28 1228.55
2885.75 1230.09
2887.23 1231.62
2888.7 1233.16
2890.17 1234.7
2891.64 1236.23
2893.11 1237.77
2894.58 1239.31
2896.05 1240.85
2897.52 1242.39
2898.98 1243.93
2900.45 1245.48
2901.91 1247.02
2903.38 1248.56
2904.84 1250.11
2906.3 1251.65
2907.76 1253.2
2909.22 1254.75
2910.68 1256.29
2912.14 1257.84
2913.6 1259.39
2915.06 1260.94
2916.52 1262.49
2917.97 1264.05
2919.43 1265.6
2920.88 1267.15
2922.33 1268.71
2923.79 1270.26
2925.24 1271.82
2926.69 1273.37
2928.14 1274.93
2929.59 1276.49
2931.04 1278.05
2932.48 1279.61
2933.93 1281.17
2935.38 1282.73
2936.82 1284.29
2938.26 1285.85
2939.71 1287.42
2941.15 1288.98
2942.59 1290.54
2944.03 1292.11
2945.47 1293.68
2946.91 1295.24
2948.35 1296.81
2949.79 1298.38
2951.22 1299.95
2952.66 1301.52
2954.1 1303.09
2955.53 1304.66
2956.96 1306.24
2958.4 1307.81
2959.83 1309.38
2961.26 1310.96
2962.69 1312.53
2964.12 1314.11
2965.55 1315.69
2966.97 1317.26
2968.4 1318.84
2969.83 1320.42
2971.25 1322
2972.67 1323.58
2974.1 1325.16
2975.52 1326.75
2976.94 1328.33
2978.36 1329.91
2979.78 1331.5
2981.2 1333.08
2982.62 1334.67
2984.04 1336.26
2985.45 1337.84
2986.87 1339.43
2988.28 1341.02
2989.7 1342.61
2991.11 1344.2
2992.52 1345.79
2993.93 1347.39
2995.35 1348.98
2996.75 1350.57
2998.16 1352.17
2999.57 1353.76
3000.98 1355.36
3002.39 1356.96
3003.79 1358.55
3005.2 1360.15
3006.6 1361.75
3008 1363.35
3009.4 1364.95
3010.81 1366.55
3012.21 1368.15
3013.61 1369.76
3015 1371.36
3016.4 1372.96
3017.8 1374.57
3019.2 1376.17
3020.59 1377.78
3021.98 1379.39
3023.38 1381
3024.77 1382.6
3026.16 1384.21
3027.55 1385.82
3028.94 1387.43
3030.33 1389.05
3031.72 1390.66
3033.11 1392.27
3034.5 1393.89
3035.88 1395.5
3037.27 1397.11
3038.65 1398.73
3040.03 1400.35
3041.42 1401.97
3042.8 1403.58
3044.18 1405.2
3045.56 1406.82
3046.94 1408.44
3048.32 1410.06
3049.69 1411.69
3051.07 1413.31
3052.44 1414.93
3053.82 1416.56
3055.19 1418.18
3056.57 1419.81
3057.94 1421.43
3059.31 1423.06
3060.68 1424.69
3062.05 1426.31
3063.42 1427.94
3064.79 1429.57
3066.15 1431.2
3067.52 1432.84
3068.88 1434.47
3070.25 1436.1
3071.61 1437.73
3072.97 1439.37
3074.34 1441
3075.7 1442.64
3077.06 1444.28
3078.42 1445.91
3079.77 1447.55
3081.13 1449.19
3082.49 1450.83
3083.84 1452.47
3085.2 1454.11
3086.55 1455.75
3087.9 1457.39
3089.26 1459.04
3090.61 1460.68
3091.96 1462.32
3093.31 1463.97
3094.66 1465.61
3096 1467.26
3097.35 1468.91
3098.7 1470.56
3100.04 1472.21
3101.39 1473.85
3102.73 1475.5
3104.07 1477.16
3105.41 1478.81
3106.75 1480.46
3108.09 1482.11
3109.43 1483.77
3110.77 1485.42
3112.11 1487.08
3113.44 1488.73
3114.78 1490.39
3116.11 1492.04
3117.45 1493.7
3118.78 1495.36
3120.11 1497.02
3121.44 1498.68
3122.77 1500.34
3124.1 1502
3125.43 1503.67
3126.76 1505.33
3128.08 1506.99
3129.41 1508.66
3130.73 1510.32
3132.06 1511.99
3133.38 1513.65
3134.7 1515.32
3136.02 1516.99
3137.34 1518.66
3138.66 1520.33
3139.98 1522
3141.3 1523.67
3142.62 1525.34
3143.93 1527.01
3145.25 1528.68
3146.56 1530.36
3147.88 1532.03
3149.19 1533.7
3150.5 1535.38
3151.81 1537.06
3153.12 1538.73
3154.43 1540.41
3155.74 1542.09
3157.04 1543.77
3158.35 1545.45
3159.65 1547.13
3160.96 1548.81
3162.26 1550.49
3163.57 1552.17
3164.87 1553.86
3166.17 1555.54
3167.47 1557.22
3168.77 1558.91
3170.06 1560.6
3171.36 1562.28
3172.66 1563.97
3173.95 1565.66
3175.25 1567.35
3176.54 1569.04
3177.83 1570.73
3179.13 1572.42
3180.42 1574.11
3181.71 1575.8
3183 1577.49
3184.28 1579.19
3185.57 1580.88
3186.86 1582.58
3188.14 1584.27
3189.43 1585.97
3190.71 1587.66
3191.99 1589.36
3193.28 1591.06
3194.56 1592.76
3195.84 1594.46
3197.12 1596.16
3198.39 1597.86
3199.67 1599.56
3200.95 1601.26
3202.22 1602.97
3203.5 1604.67
3204.77 1606.37
3206.04 1608.08
3207.32 1609.79
3208.59 1611.49
3209.86 1613.2
3211.13 1614.91
3212.39 1616.62
3213.66 1618.32
3214.93 1620.03
3216.19 1621.74
3217.46 1623.46
3218.72 1625.17
3219.98 1626.88
3221.25 1628.59
3222.51 1630.31
3223.77 1632.02
3225.03 1633.74
3226.29 1635.45
3227.54 1637.17
3228.8 1638.89
3230.05 1640.6
3231.31 1642.32
3232.56 1644.04
3233.82 1645.76
3235.07 1647.48
3236.32 1649.2
3237.57 1650.93
3238.82 1652.65
3240.07 1654.37
3241.31 1656.09
3242.56 1657.82
3243.8 1659.54
3245.05 1661.27
3246.29 1663
3247.54 1664.72
3248.78 1666.45
3250.02 1668.18
3251.26 1669.91
3252.5 1671.64
3253.73 1673.37
3254.97 1675.1
3256.21 1676.83
3257.44 1678.56
3258.68 1680.3
3259.91 1682.03
3261.14 1683.77
3262.38 1685.5
3263.61 1687.24
3264.84 1688.97
3266.06 1690.71
3267.29 1692.45
3268.52 1694.19
3269.75 1695.92
3270.97 1697.66
3272.2 1699.4
3273.42 1701.15
3274.64 1702.89
3275.86 1704.63
3277.08 1706.37
3278.3 1708.12
3279.52 1709.86
3280.74 1711.6
3281.96 1713.35
3283.17 1715.1
3284.39 1716.84
3285.6 1718.59
3286.81 1720.34
3288.03 1722.09
3289.24 1723.84
3290.45 1725.59
3291.66 1727.34
3292.86 1729.09
3294.07 1730.84
3295.28 1732.59
3296.48 1734.35
3297.69 1736.1
3298.89 1737.85
3300.1 1739.61
3301.3 1741.36
3302.5 1743.12
3303.7 1744.88
3304.9 1746.64
3306.1 1748.39
3307.29 1750.15
3308.49 1751.91
3309.69 1753.67
3310.88 1755.43
3312.07 1757.2
3313.27 1758.96
3314.46 1760.72
3315.65 1762.48
3316.84 1764.25
3318.03 1766.01
3319.21 1767.78
3320.4 1769.54
3321.59 1771.31
3322.77 1773.08
3323.96 1774.85
3325.14 1776.61
3326.32 1778.38
3327.5 1780.15
3328.68 1781.92
3329.86 1783.69
3331.04 1785.47
3332.22 1787.24
3333.4 1789.01
3334.57 1790.78
3335.75 1792.56
3336.92 1794.33
3338.09 1796.11
3339.26 1797.88
3340.43 1799.66
3341.6 1801.44
3342.77 1803.22
3343.94 1804.99
3345.11 1806.77
3346.28 1808.55
3347.44 1810.33
3348.6 1812.11
3349.77 1813.9
3350.93 1815.68
3352.09 1817.46
3353.25 1819.24
3354.41 1821.03
3355.57 1822.81
3356.73 1824.6
3357.88 1826.38
3359.04 1828.17
3360.2 1829.96
3361.35 1831.74
3362.5 1833.53
3363.65 1835.32
3364.8 1837.11
3365.95 1838.9
3367.1 1840.69
3368.25 1842.48
3369.4 1844.28
3370.55 1846.07
3371.69 1847.86
3372.84 1849.66
3373.98 1851.45
3375.12 1853.24
3376.26 1855.04
3377.4 1856.84
3378.54 1858.63
3379.68 1860.43
3380.82 1862.23
3381.96 1864.03
3383.09 1865.83
3384.23 1867.63
3385.36 1869.43
3386.49 1871.23
3387.62 1873.03
3388.76 1874.83
3389.89 1876.64
3391.01 1878.44
3392.14 1880.24
3393.27 1882.05
3394.4 1883.85
3395.52 1885.66
3396.64 1887.47
3397.77 1889.27
3398.89 1891.08
3400.01 1892.89
3401.13 1894.7
3402.25 1896.51
3403.37 1898.32
3404.49 1900.13
3405.6 1901.94
3406.72 1903.75
3407.83 1905.56
3408.95 1907.38
3410.06 1909.19
3411.17 1911
3412.28 1912.82
3413.39 1914.63
3414.5 1916.45
3415.61 1918.27
3416.72 1920.08
3417.82 1921.9
3418.93 1923.72
3420.03 1925.54
3421.13 1927.36
3422.24 1929.18
3423.34 1931
3424.44 1932.82
3425.54 1934.64
3426.63 1936.46
3427.73 1938.29
3428.83 1940.11
3429.92 1941.94
3431.02 1943.76
3432.11 1945.59
3433.2 1947.41
3434.29 1949.24
3435.38 1951.07
3436.47 1952.89
3437.56 1954.72
3438.65 1956.55
3439.74 1958.38
3440.82 1960.21
3441.91 1962.04
3442.99 1963.87
3444.07 1965.7
3445.15 1967.53
3446.23 1969.37
3447.31 1971.2
3448.39 1973.04
3449.47 1974.87
3450.55 1976.71
3451.62 1978.54
3452.7 1980.38
3453.77 1982.21
3454.84 1984.05
3455.92 1985.89
3456.99 1987.73
3458.06 1989.57
3459.13 1991.41
3460.19 1993.25
3461.26 1995.09
3462.33 1996.93
3463.39 1998.77
3464.46 2000.61
3465.52 2002.46
3466.58 2004.3
3467.64 2006.15
3468.7 2007.99
3469.76 2009.84
3470.82 2011.68
3471.88 2013.53
3472.93 2015.38
3473.99 2017.22
3475.04 2019.07
3476.1 2020.92
3477.15 2022.77
3478.2 2024.62
3479.25 2026.47
3480.3 2028.32
3481.35 2030.17
3482.39 2032.02
3483.44 2033.88
3484.49 2035.73
3485.53 2037.58
3486.57 2039.44
3487.62 2041.29
3488.66 2043.15
3489.7 2045
3490.74 2046.86
3491.78 2048.72
3492.81 2050.58
3493.85 2052.43
3494.89 2054.29
3495.92 2056.15
3496.95 2058.01
3497.99 2059.87
3499.02 2061.73
3500.05 2063.59
3501.08 2065.46
3502.11 2067.32
3503.13 2069.18
3504.16 2071.05
3505.19 2072.91
3506.21 2074.78
3507.23 2076.64
3508.26 2078.51
3509.28 2080.37
3510.3 2082.24
3511.32 2084.11
3512.34 2085.98
3513.35 2087.84
3514.37 2089.71
3515.39 2091.58
3516.4 2093.45
3517.42 2095.32
3518.43 2097.2
3519.44 2099.07
3520.45 2100.94
3521.46 2102.81
3522.47 2104.69
3523.48 2106.56
3524.48 2108.43
3525.49 2110.31
3526.49 2112.19
3527.5 2114.06
3528.5 2115.94
3529.5 2117.82
3530.5 2119.69
3531.5 2121.57
3532.5 2123.45
3533.5 2125.33
3534.49 2127.21
3535.49 2129.09
3536.49 2130.97
3537.48 2132.85
3538.47 2134.73
3539.46 2136.62
3540.45 2138.5
3541.44 2140.38
3542.43 2142.27
3543.42 2144.15
3544.41 2146.04
3545.39 2147.92
3546.38 2149.81
3547.36 2151.7
3548.34 2153.58
3549.33 2155.47
3550.31 2157.36
3551.29 2159.25
3552.26 2161.14
3553.24 2163.03
3554.22 2164.92
3555.19 2166.81
3556.17 2168.7
3557.14 2170.59
3558.11 2172.48
3559.09 2174.38
3560.06 2176.27
3561.03 2178.16
3562 2180.06
3562.96 2181.95
3563.93 2183.85
3564.9 2185.74
3565.86 2187.64
3566.82 2189.54
3567.79 2191.44
3568.75 2193.33
3569.71 2195.23
3570.67 2197.13
3571.63 2199.03
3572.58 2200.93
3573.54 2202.83
3574.5 2204.73
3575.45 2206.63
3576.4 2208.54
3577.36 2210.44
3578.31 2212.34
3579.26 2214.25
3580.21 2216.15
3581.16 2218.05
3582.1 2219.96
3583.05 2221.87
3583.99 2223.77
3584.94 2225.68
3585.88 2227.59
3586.82 2229.49
3587.77 2231.4
3588.71 2233.31
3589.64 2235.22
3590.58 2237.13
3591.52 2239.04
3592.46 2240.95
3593.39 2242.86
3594.33 2244.77
3595.26 2246.69
3596.19 2248.6
3597.12 2250.51
3598.05 2252.42
3598.98 2254.34
3599.91 2256.25
3600.84 2258.17
3601.76 2260.08
3602.69 2262
3603.61 2263.92
3604.53 2265.83
3605.46 2267.75
3606.38 2269.67
3607.3 2271.59
3608.22 2273.51
3609.13 2275.43
3610.05 2277.35
3610.97 2279.27
3611.88 2281.19
3612.8 2283.11
3613.71 2285.03
3614.62 2286.96
3615.53 2288.88
3616.44 2290.8
3617.35 2292.73
3618.26 2294.65
3619.16 2296.57
3620.07 2298.5
3620.97 2300.43
3621.88 2302.35
3622.78 2304.28
3623.68 2306.21
3624.58 2308.13
3625.48 2310.06
3626.38 2311.99
3627.28 2313.92
3628.17 2315.85
3629.07 2317.78
3629.96 2319.71
3630.86 2321.64
3631.75 2323.57
3632.64 2325.51
3633.53 2327.44
3634.42 2329.37
3635.31 2331.31
3636.19 2333.24
3637.08 2335.17
3637.97 2337.11
3638.85 2339.04
3639.73 2340.98
3640.61 2342.92
3641.5 2344.85
3642.38 2346.79
3643.25 2348.73
3644.13 2350.67
3645.01 2352.6
3645.88 2354.54
3646.76 2356.48
3647.63 2358.42
3648.51 2360.36
3649.38 2362.3
3650.25 2364.25
3651.12 2366.19
3651.99 2368.13
3652.85 2370.07
3653.72 2372.02
3654.59 2373.96
3655.45 2375.9
3656.31 2377.85
3657.18 2379.79
3658.04 2381.74
3658.9 2383.69
3659.76 2385.63
3660.61 2387.58
3661.47 2389.53
3662.33 2391.48
3663.18 2393.42
3664.04 2395.37
3664.89 2397.32
3665.74 2399.27
3666.59 2401.22
3667.44 2403.17
3668.29 2405.12
3669.14 2407.07
3669.99 2409.03
3670.83 2410.98
3671.68 2412.93
3672.52 2414.89
3673.36 2416.84
3674.21 2418.79
3675.05 2420.75
3675.89 2422.7
3676.72 2424.66
3677.56 2426.61
3678.4 2428.57
3679.23 2430.53
3680.07 2432.48
3680.9 2434.44
3681.73 2436.4
3682.56 2438.36
3683.39 2440.32
3684.22 2442.28
3685.05 2444.24
3685.88 2446.2
3686.7 2448.16
3687.53 2450.12
3688.35 2452.08
3689.18 2454.04
3690 2456.01
3690.82 2457.97
3691.64 2459.93
3692.46 2461.9
3693.27 2463.86
3694.09 2465.83
3694.91 2467.79
3695.72 2469.76
3696.54 2471.72
3697.35 2473.69
3698.16 2475.66
3698.97 2477.62
3699.78 2479.59
3700.59 2481.56
3701.39 2483.53
3702.2 2485.5
3703.01 2487.47
3703.81 2489.44
3704.61 2491.41
3705.41 2493.38
3706.22 2495.35
3707.01 2497.32
3707.81 2499.29
3708.61 2501.27
3709.41 2503.24
3710.2 2505.21
3711 2507.19
3711.79 2509.16
3712.58 2511.14
3713.38 2513.11
3714.17 2515.09
3714.96 2517.06
3715.74 2519.04
3716.53 2521.02
3717.32 2522.99
3718.1 2524.97
3718.89 2526.95
3719.67 2528.93
3720.45 2530.91
3721.23 2532.88
3722.01 2534.86
3722.79 2536.84
3723.57 2538.82
3724.35 2540.81
3725.12 2542.79
3725.9 2544.77
3726.67 2546.75
3727.44 2548.73
3728.21 2550.72
3728.98 2552.7
3729.75 2554.68
3730.52 2556.67
3731.29 2558.65
3732.05 2560.64
3732.82 2562.62
3733.58 2564.61
3734.35 2566.59
3735.11 2568.58
3735.87 2570.57
3736.63 2572.56
3737.39 2574.54
3738.15 2576.53
3738.9 2578.52
3739.66 2580.51
3740.41 2582.5
3741.17 2584.49
3741.92 2586.48
3742.67 2588.47
3743.42 2590.46
3744.17 2592.45
3744.92 2594.44
3745.67 2596.44
3746.41 2598.43
3747.16 2600.42
3747.9 2602.42
3748.64 2604.41
3749.39 2606.4
3750.13 2608.4
3750.87 2610.39
3751.6 2612.39
3752.34 2614.38
3753.08 2616.38
3753.81 2618.38
3754.55 2620.37
3755.28 2622.37
3756.01 2624.37
3756.74 2626.37
3757.48 2628.37
3758.2 2630.36
3758.93 2632.36
3759.66 2634.36
3760.39 2636.36
3761.11 2638.36
3761.83 2640.36
3762.56 2642.37
3763.28 2644.37
3764 2646.37
3764.72 2648.37
3765.44 2650.37
3766.15 2652.38
3766.87 2654.38
3767.59 2656.39
3768.3 2658.39
3769.01 2660.39
3769.72 2662.4
3770.44 2664.4
3771.15 2666.41
3771.85 2668.42
3772.56 2670.42
3773.27 2672.43
3773.97 2674.44
3774.68 2676.45
3775.38 2678.45
3776.09 2680.46
3776.79 2682.47
3777.49 2684.48
3778.19 2686.49
3778.88 2688.5
3779.58 2690.51
3780.28 2692.52
3780.97 2694.53
3781.67 2696.54
3782.36 2698.55
3783.05 2700.57
3783.74 2702.58
3784.43 2704.59
3785.12 2706.61
3785.81 2708.62
3786.49 2710.63
3787.18 2712.65
3787.86 2714.66
3788.55 2716.68
3789.23 2718.69
3789.91 2720.71
3790.59 2722.72
3791.27 2724.74
3791.95 2726.76
3792.62 2728.77
3793.3 2730.79
3793.97 2732.81
3794.65 2734.83
3795.32 2736.85
3795.99 2738.87
3796.66 2740.89
3797.33 2742.91
3798 2744.93
3798.67 2746.95
3799.33 2748.97
3800 2750.99
3800.66 2753.01
3801.32 2755.03
3801.98 2757.05
3802.64 2759.08
3803.3 2761.1
3803.96 2763.12
3804.62 2765.15
3805.28 2767.17
3805.93 2769.19
3806.59 2771.22
3807.24 2773.24
3807.89 2775.27
3808.54 2777.3
3809.19 2779.32
3809.84 2781.35
3810.49 2783.37
3811.14 2785.4
3811.78 2787.43
3812.43 2789.46
3813.07 2791.48
3813.71 2793.51
3814.35 2795.54
3814.99 2797.57
3815.63 2799.6
3816.27 2801.63
3816.91 2803.66
3817.54 2805.69
3818.18 2807.72
3818.81 2809.75
3819.44 2811.78
3820.07 2813.82
3820.7 2815.85
3821.33 2817.88
3821.96 2819.91
3822.59 2821.95
3823.22 2823.98
3823.84 2826.01
3824.46 2828.05
3825.09 2830.08
3825.71 2832.12
3826.33 2834.15
3826.95 2836.19
3827.57 2838.23
3828.19 2840.26
3828.8 2842.3
3829.42 2844.33
3830.03 2846.37
3830.64 2848.41
3831.26 2850.45
3831.87 2852.49
3832.48 2854.52
3833.09 2856.56
3833.69 2858.6
3834.3 2860.64
3834.91 2862.68
3835.51 2864.72
3836.11 2866.76
3836.72 2868.8
3837.32 2870.84
3837.92 2872.88
3838.52 2874.93
3839.11 2876.97
3839.71 2879.01
3840.31 2881.05
3840.9 2883.1
3841.5 2885.14
3842.09 2887.18
3842.68 2889.23
3843.27 2891.27
3843.86 2893.32
3844.45 2895.36
3845.03 2897.41
3845.62 2899.45
3846.2 2901.5
3846.79 2903.54
3847.37 2905.59
3847.95 2907.64
3848.53 2909.68
3849.11 2911.73
3849.69 2913.78
3850.27 2915.83
3850.84 2917.87
3851.42 2919.92
3851.99 2921.97
3852.57 2924.02
3853.14 2926.07
3853.71 2928.12
3854.28 2930.17
3854.85 2932.22
3855.41 2934.27
3855.98 2936.32
3856.55 2938.37
3857.11 2940.42
3857.67 2942.48
3858.24 2944.53
3858.8 2946.58
3859.36 2948.63
3859.91 2950.69
3860.47 2952.74
3861.03 2954.79
3861.58 2956.85
3862.14 2958.9
3862.69 2960.96
3863.24 2963.01
3863.8 2965.07
3864.35 2967.12
3864.89 2969.18
3865.44 2971.23
3865.99 2973.29
3866.53 2975.35
3867.08 2977.4
3867.62 2979.46
3868.16 2981.52
3868.71 2983.58
3869.25 2985.63
3869.78 2987.69
3870.32 2989.75
3870.86 2991.81
3871.4 2993.87
3871.93 2995.93
3872.46 2997.99
3873 3000.05
3873.53 3002.11
3874.06 3004.17
3874.59 3006.23
3875.11 3008.29
3875.64 3010.35
3876.17 3012.41
3876.69 3014.48
3877.22 3016.54
3877.74 3018.6
3878.26 3020.66
3878.78 3022.73
3879.3 3024.79
3879.82 3026.85
3880.33 3028.92
3880.85 3030.98
3881.37 3033.05
3881.88 3035.11
3882.39 3037.18
3882.9 3039.24
3883.41 3041.31
3883.92 3043.37
3884.43 3045.44
3884.94 3047.51
3885.45 3049.57
3885.95 3051.64
3886.45 3053.71
3886.96 3055.77
3887.46 3057.84
3887.96 3059.91
3888.46 3061.98
3888.96 3064.05
3889.45 3066.12
3889.95 3068.18
3890.45 3070.25
3890.94 3072.32
3891.43 3074.39
3891.92 3076.46
3892.42 3078.53
3892.91 3080.6
3893.39 3082.67
3893.88 3084.75
3894.37 3086.82
3894.85 3088.89
3895.34 3090.96
3895.82 3093.03
3896.3 3095.11
3896.78 3097.18
3897.26 3099.25
3897.74 3101.32
3898.22 3103.4
3898.69 3105.47
3899.17 3107.55
3899.64 3109.62
3900.12 3111.69
3900.59 3113.77
3901.06 3115.84
3901.53 3117.92
3902 3119.99
3902.47 3122.07
3902.93 3124.15
3903.4 3126.22
3903.86 3128.3
3904.33 3130.38
3904.79 3132.45
3905.25 3134.53
3905.71 3136.61
3906.17 3138.69
3906.62 3140.76
3907.08 3142.84
3907.54 3144.92
3907.99 3147
3908.44 3149.08
3908.9 3151.16
3909.35 3153.24
3909.8 3155.32
3910.25 3157.4
3910.69 3159.48
3911.14 3161.56
3911.58 3163.64
3912.03 3165.72
3912.47 3167.8
3912.91 3169.88
3913.36 3171.96
3913.8 3174.04
3914.23 3176.12
3914.67 3178.21
3915.11 3180.29
3915.54 3182.37
3915.98 3184.46
3916.41 3186.54
3916.84 3188.62
3917.27 3190.71
3917.7 3192.79
3918.13 3194.87
3918.56 3196.96
3918.99 3199.04
3919.41 3201.13
3919.84 3203.21
3920.26 3205.3
3920.68 3207.38
3921.1 3209.47
3921.52 3211.55
3921.94 3213.64
3922.36 3215.73
3922.78 3217.81
3923.19 3219.9
3923.61 3221.99
3924.02 3224.07
3924.43 3226.16
3924.84 3228.25
3925.25 3230.34
3925.66 3232.42
3926.07 3234.51
3926.48 3236.6
3926.88 3238.69
3927.29 3240.78
3927.69 3242.87
3928.09 3244.96
3928.49 3247.05
3928.89 3249.14
3929.29 3251.23
3929.69 3253.32
3930.09 3255.41
3930.48 3257.5
3930.88 3259.59
3931.27 3261.68
3931.66 3263.77
3932.05 3265.86
3932.44 3267.95
3932.83 3270.05
3933.22 3272.14
3933.61 3274.23
3933.99 3276.32
3934.38 3278.42
3934.76 3280.51
3935.14 3282.6
3935.52 3284.7
3935.9 3286.79
3936.28 3288.88
3936.66 3290.98
3937.04 3293.07
3937.41 3295.17
3937.79 3297.26
3938.16 3299.35
3938.53 3301.45
3938.9 3303.54
3939.27 3305.64
3939.64 3307.74
3940.01 3309.83
3940.38 3311.93
3940.74 3314.02
3941.1 3316.12
3941.47 3318.22
3941.83 3320.31
3942.19 3322.41
3942.55 3324.51
3942.91 3326.6
3943.27 3328.7
3943.62 3330.8
3943.98 3332.9
3944.33 3335
3944.69 3337.09
3945.04 3339.19
3945.39 3341.29
3945.74 3343.39
3946.09 3345.49
3946.44 3347.59
3946.78 3349.69
3947.13 3351.79
3947.47 3353.89
3947.82 3355.99
3948.16 3358.09
3948.5 3360.19
3948.84 3362.29
3949.18 3364.39
3949.51 3366.49
3949.85 3368.59
3950.19 3370.69
3950.52 3372.79
3950.85 3374.89
3951.19 3376.99
3951.52 3379.1
3951.85 3381.2
3952.17 3383.3
3952.5 3385.4
3952.83 3387.51
3953.15 3389.61
3953.48 3391.71
3953.8 3393.81
3954.12 3395.92
3954.44 3398.02
3954.76 3400.12
3955.08 3402.23
3955.4 3404.33
3955.72 3406.44
3956.03 3408.54
3956.34 3410.64
3956.66 3412.75
3956.97 3414.85
3957.28 3416.96
3957.59 3419.06
3957.9 3421.17
3958.21 3423.27
3958.51 3425.38
3958.82 3427.49
3959.12 3429.59
3959.42 3431.7
3959.73 3433.8
3960.03 3435.91
3960.33 3438.02
3960.62 3440.12
3960.92 3442.23
3961.22 3444.34
3961.51 3446.44
3961.81 3448.55
3962.1 3450.66
3962.39 3452.77
3962.68 3454.88
3962.97 3456.98
3963.26 3459.09
3963.55 3461.2
3963.83 3463.31
3964.12 3465.42
3964.4 3467.53
3964.68 3469.63
3964.96 3471.74
3965.25 3473.85
3965.52 3475.96
3965.8 3478.07
3966.08 3480.18
3966.36 3482.29
3966.63 3484.4
3966.9 3486.51
3967.18 3488.62
3967.45 3490.73
3967.72 3492.84
3967.99 3494.95
3968.26 3497.06
3968.52 3499.17
3968.79 3501.28
3969.05 3503.4
3969.32 3505.51
3969.58 3507.62
3969.84 3509.73
3970.1 3511.84
3970.36 3513.95
3970.62 3516.07
3970.87 3518.18
3971.13 3520.29
3971.39 3522.4
3971.64 3524.52
3971.89 3526.63
3972.14 3528.74
3972.39 3530.85
3972.64 3532.97
3972.89 3535.08
3973.14 3537.19
3973.38 3539.31
3973.63 3541.42
3973.87 3543.53
3974.11 3545.65
3974.35 3547.76
3974.59 3549.88
3974.83 3551.99
3975.07 3554.11
3975.31 3556.22
3975.54 3558.33
3975.78 3560.45
3976.01 3562.56
3976.24 3564.68
3976.47 3566.79
3976.7 3568.91
3976.93 3571.03
3977.16 3573.14
3977.39 3575.26
3977.61 3577.37
3977.83 3579.49
3978.06 3581.6
3978.28 3583.72
3978.5 3585.84
3978.72 3587.95
3978.94 3590.07
3979.16 3592.19
3979.37 3594.3
3979.59 3596.42
3979.8 3598.54
3980.02 3600.65
3980.23 3602.77
3980.44 3604.89
3980.65 3607.01
3980.86 3609.12
3981.06 3611.24
3981.27 3613.36
3981.47 3615.48
3981.68 3617.59
3981.88 3619.71
3982.08 3621.83
3982.28 3623.95
3982.48 3626.07
3982.68 3628.18
3982.88 3630.3
3983.08 3632.42
3983.27 3634.54
3983.46 3636.66
3983.66 3638.78
3983.85 3640.9
3984.04 3643.02
3984.23 3645.14
3984.42 3647.26
3984.6 3649.38
3984.79 3651.49
3984.97 3653.61
3985.16 3655.73
3985.34 3657.85
3985.52 3659.97
3985.7 3662.09
3985.88 3664.21
3986.06 3666.33
3986.24 3668.45
3986.41 3670.58
3986.59 3672.7
3986.76 3674.82
3986.93 3676.94
3987.1 3679.06
3987.27 3681.18
3987.44 3683.3
3987.61 3685.42
3987.78 3687.54
3987.94 3689.66
3988.11 3691.79
3988.27 3693.91
3988.43 3696.03
3988.59 3698.15
3988.75 3700.27
3988.91 3702.39
3989.07 3704.51
3989.23 3706.64
3989.38 3708.76
3989.54 3710.88
3989.69 3713
3989.84 3715.13
3989.99 3717.25
3990.14 3719.37
3990.29 3721.49
3990.44 3723.62
3990.59 3725.74
3990.73 3727.86
3990.88 3729.98
3991.02 3732.11
3991.16 3734.23
3991.3 3736.35
3991.44 3738.48
3991.58 3740.6
3991.72 3742.72
3991.85 3744.85
3991.99 3746.97
3992.12 3749.09
3992.26 3751.22
3992.39 3753.34
3992.52 3755.46
3992.65 3757.59
3992.78 3759.71
3992.9 3761.84
3993.03 3763.96
3993.15 3766.08
3993.28 3768.21
3993.4 3770.33
3993.52 3772.46
3993.64 3774.58
3993.76 3776.7
3993.88 3778.83
3994 3780.95
3994.11 3783.08
3994.23 3785.2
3994.34 3787.33
3994.45 3789.45
3994.57 3791.58
3994.68 3793.7
3994.79 3795.83
3994.89 3797.95
3995 3800.08
3995.11 3802.2
3995.21 3804.33
3995.31 3806.45
3995.42 3808.58
3995.52 3810.7
3995.62 3812.83
3995.72 3814.95
3995.82 3817.08
3995.91 3819.2
3996.01 3821.33
3996.1 3823.46
3996.2 3825.58
3996.29 3827.71
3996.38 3829.83
3996.47 3831.96
3996.56 3834.08
3996.65 3836.21
3996.73 3838.34
3996.82 3840.46
3996.9 3842.59
3996.98 3844.71
3997.07 3846.84
3997.15 3848.97
3997.23 3851.09
3997.31 3853.22
3997.38 3855.35
3997.46 3857.47
3997.54 3859.6
3997.61 3861.73
3997.68 3863.85
3997.75 3865.98
3997.82 3868.1
3997.89 3870.23
3997.96 3872.36
3998.03 3874.48
3998.1 3876.61
3998.16 3878.74
3998.23 3880.86
3998.29 3882.99
3998.35 3885.12
3998.41 3887.25
3998.47 3889.37
3998.53 3891.5
3998.59 3893.63
3998.64 3895.75
3998.7 3897.88
3998.75 3900.01
3998.8 3902.13
3998.85 3904.26
3998.9 3906.39
3998.95 3908.52
3999 3910.64
3999.05 3912.77
3999.09 3914.9
3999.14 3917.02
3999.18 3919.15
3999.23 3921.28
3999.27 3923.41
3999.31 3925.53
3999.35 3927.66
3999.38 3929.79
3999.42 3931.92
3999.46 3934.04
3999.49 3936.17
3999.52 3938.3
3999.56 3940.43
3999.59 3942.55
3999.62 3944.68
3999.65 3946.81
3999.67 3948.94
3999.7 3951.06
3999.73 3953.19
3999.75 3955.32
3999.77 3957.45
3999.8 3959.57
3999.82 3961.7
3999.84 3963.83
3999.86 3965.96
3999.87 3968.08
3999.89 3970.21
3999.9 3972.34
3999.92 3974.47
3999.93 3976.6
3999.94 3978.72
3999.95 3980.85
3999.96 3982.98
3999.97 3985.11
3999.98 3987.23
3999.99 3989.36
3999.99 3991.49
3999.99 3993.62
4000 3995.74
4000 3997.87
4000 4000
4000 4002.13
3999.99 4004.25
3999.99 4006.38
3999.98 4008.5
3999.96 4010.63
3999.95 4012.76
3999.93 4014.88
3999.9 4017.01
3999.88 4019.13
3999.85 4021.26
3999.82 4023.38
3999.78 4025.51
3999.75 4027.64
3999.7 4029.76
3999.66 4031.89
3999.61 4034.01
3999.56 4036.14
3999.51 4038.26
3999.46 4040.39
3999.4 4042.51
3999.34 4044.64
3999.27 4046.76
3999.2 4048.89
3999.13 4051.01
3999.06 4053.14
3998.98 4055.26
3998.9 4057.39
3998.82 4059.51
3998.73 4061.64
3998.64 4063.76
3998.55 4065.88
3998.46 4068.01
3998.36 4070.13
3998.26 4072.26
3998.15 4074.38
3998.05 4076.5
3997.94 4078.63
3997.82 4080.75
3997.71 4082.87
3997.59 4084.99
3997.47 4087.12
3997.34 4089.24
3997.22 4091.36
3997.08 4093.48
3996.95 4095.6
3996.81 4097.73
3996.67 4099.85
3996.53 4101.97
3996.38 4104.09
3996.24 4106.21
3996.08 4108.33
3995.93 4110.45
3995.77 4112.57
3995.61 4114.69
3995.44 4116.81
3995.28 4118.93
3995.11 4121.05
3994.93 4123.17
3994.76 4125.29
3994.58 4127.41
3994.4 4129.52
3994.21 4131.64
3994.02 4133.76
3993.83 4135.88
3993.64 4137.99
3993.44 4140.11
3993.24 4142.23
3993.04 4144.34
3992.83 4146.46
3992.62 4148.57
3992.41 4150.69
3992.2 4152.81
3991.98 4154.92
3991.76 4157.03
3991.53 4159.15
3991.31 4161.26
3991.08 4163.38
3990.84 4165.49
3990.61 4167.6
3990.37 4169.71
3990.13 4171.83
3989.88 4173.94
3989.63 4176.05
3989.38 4178.16
3989.13 4180.27
3988.87 4182.38
3988.61 4184.49
3988.35 4186.6
3988.08 4188.71
3987.81 4190.82
3987.54 4192.93
3987.27 4195.04
3986.99 4197.14
3986.71 4199.25
3986.42 4201.36
3986.14 4203.47
3985.85 4205.57
3985.55 4207.68
3985.26 4209.78
3984.96 4211.89
3984.66 4213.99
3984.35 4216.1
3984.04 4218.2
3983.73 4220.3
3983.42 4222.4
3983.1 4224.51
3982.78 4226.61
3982.46 4228.71
3982.14 4230.81
3981.81 4232.91
3981.48 4235.01
3981.14 4237.11
3980.8 4239.21
3980.46 4241.31
3980.12 4243.41
3979.77 4245.5
3979.42 4247.6
3979.07 4249.7
3978.72 4251.79
3978.36 4253.89
3978 4255.98
3977.63 4258.08
3977.26 4260.17
3976.89 4262.27
3976.52 4264.36
3976.14 4266.45
3975.77 4268.54
3975.38 4270.64
3975 4272.73
3974.61 4274.82
3974.22 4276.91
3973.83 4279
3973.43 4281.08
3973.03 4283.17
3972.63 4285.26
3972.22 4287.35
3971.81 4289.43
3971.4 4291.52
3970.99 4293.6
3970.57 4295.69
3970.15 4297.77
3969.72 4299.86
3969.3 4301.94
3968.87 4304.02
3968.44 4306.1
3968 4308.18
3967.56 4310.26
3967.12 4312.34
3966.68 4314.42
3966.23 4316.5
3965.78 4318.58
3965.33 4320.66
3964.87 4322.73
3964.41 4324.81
3963.95 4326.88
3963.48 4328.96
3963.02 4331.03
3962.55 4333.1
3962.07 4335.18
3961.6 4337.25
3961.12 4339.32
3960.63 4341.39
3960.15 4343.46
3959.66 4345.53
3959.17 4347.6
3958.68 4349.67
3958.18 4351.73
3957.68 4353.8
3957.18 4355.87
3956.67 4357.93
3956.16 4359.99
3955.65 4362.06
3955.13 4364.12
3954.62 4366.18
3954.1 4368.24
3953.57 4370.3
3953.05 4372.36
3952.52 4374.42
3951.99 4376.48
3951.45 4378.54
3950.91 4380.6
3950.37 4382.65
3949.83 4384.71
3949.28 4386.76
3948.73 4388.82
3948.18 4390.87
3947.62 4392.92
3947.07 4394.97
3946.5 4397.02
3945.94 4399.07
3945.37 4401.12
3944.8 4403.17
3944.23 4405.22
3943.65 4407.26
3943.08 4409.31
3942.49 4411.35
3941.91 4413.4
3941.32 4415.44
3940.73 4417.48
3940.14 4419.52
3939.54 4421.57
3938.94 4423.61
3938.34 4425.64
3937.74 4427.68
3937.13 4429.72
3936.52 4431.76
3935.91 4433.79
3935.29 4435.83
3934.67 4437.86
3934.05 4439.89
3933.42 4441.93
3932.8 4443.96
3932.16 4445.99
3931.53 4448.02
3930.89 4450.04
3930.26 4452.07
3929.61 4454.1
3928.97 4456.12
3928.32 4458.15
3927.67 4460.17
3927.02 4462.2
3926.36 4464.22
3925.7 4466.24
3925.04 4468.26
3924.37 4470.28
3923.7 4472.3
3923.03 4474.31
3922.36 4476.33
3921.68 4478.35
3921 4480.36
3920.32 4482.37
3919.64 4484.39
3918.95 4486.4
3918.26 4488.41
3917.56 4490.42
3916.87 4492.43
3916.17 4494.44
3915.47 4496.44
3914.76 4498.45
3914.05 4500.45
3913.34 4502.46
3912.63 4504.46
3911.91 4506.46
3911.19 4508.46
3910.47 4510.46
3909.75 4512.46
3909.02 4514.46
3908.29 4516.45
3907.55 4518.45
3906.82 4520.44
3906.08 4522.44
3905.34 4524.43
3904.59 4526.42
3903.85 4528.41
3903.1 4530.4
3902.34 4532.39
3901.59 4534.37
3900.83 4536.36
3900.07 4538.35
3899.3 4540.33
3898.53 4542.31
3897.76 4544.29
3896.99 4546.27
3896.22 4548.25
3895.44 4550.23
3894.66 4552.21
3893.87 4554.19
3893.08 4556.16
3892.3 4558.13
3891.5 4560.11
3890.71 4562.08
3889.91 4564.05
3889.11 4566.02
3888.31 4567.99
3887.5 4569.95
3886.69 4571.92
3885.88 4573.88
3885.06 4575.85
3884.25 4577.81
3883.42 4579.77
3882.6 4581.73
3881.78 4583.69
3880.95 4585.65
3880.12 4587.61
3879.28 4589.56
3878.44 4591.52
3877.6 4593.47
3876.76 4595.42
3875.92 4597.37
3875.07 4599.32
3874.22 4601.27
3873.36 4603.22
3872.51 4605.16
3871.65 4607.11
3870.79 4609.05
3869.92 4610.99
3869.06 4612.93
3868.19 4614.87
3867.31 4616.81
3866.44 4618.75
3865.56 4620.69
3864.68 4622.62
3863.79 4624.55
3862.91 4626.49
3862.02 4628.42
3861.13 4630.35
3860.23 4632.28
3859.33 4634.2
3858.43 4636.13
3857.53 4638.05
3856.62 4639.98
3855.72 4641.9
3854.8 4643.82
3853.89 4645.74
3852.97 4647.66
3852.06 4649.57
3851.13 4651.49
3850.21 4653.4
3849.28 4655.32
3848.35 4657.23
3847.42 4659.14
3846.48 4661.05
3845.54 4662.96
3844.6 4664.86
3843.66 4666.77
3842.71 4668.67
3841.76 4670.57
3840.81 4672.47
3839.86 4674.37
3838.9 4676.27
3837.94 4678.17
3836.98 4680.07
3836.01 4681.96
3835.05 4683.85
3834.07 4685.74
3833.1 4687.63
3832.13 4689.52
3831.15 4691.41
3830.17 4693.3
3829.18 4695.18
3828.19 4697.06
3827.21 4698.95
3826.21 4700.83
3825.22 4702.71
3824.22 4704.58
3823.22 4706.46
3822.22 4708.33
3821.21 4710.21
3820.21 4712.08
3819.2 4713.95
3818.18 4715.82
3817.17 4717.69
3816.15 4719.55
3815.13 4721.42
3814.1 4723.28
3813.08 4725.14
3812.05 4727
3811.02 4728.86
3809.98 4730.72
3808.94 4732.57
3807.9 4734.43
3806.86 4736.28
3805.82 4738.13
3804.77 4739.98
3803.72 4741.83
3802.67 4743.68
3801.61 4745.52
3800.55 4747.37
3799.49 4749.21
3798.43 4751.05
3797.36 4752.89
3796.3 4754.73
3795.23 4756.57
3794.15 4758.4
3793.08 4760.23
3792 4762.07
3790.92 4763.9
3789.83 4765.73
3788.74 4767.55
3787.66 4769.38
3786.56 4771.2
3785.47 4773.03
3784.37 4774.85
3783.27 4776.67
3782.17 4778.48
3781.07 4780.3
3779.96 4782.12
3778.85 4783.93
3777.74 4785.74
3776.62 4787.55
3775.5 4789.36
3774.38 4791.17
3773.26 4792.97
3772.14 4794.78
3771.01 4796.58
3769.88 4798.38
3768.75 4800.18
3767.61 4801.98
3766.47 4803.77
3765.33 4805.57
3764.19 4807.36
3763.04 4809.15
3761.9 4810.94
3760.74 4812.73
3759.59 4814.51
3758.44 4816.3
3757.28 4818.08
3756.12 4819.86
3754.95 4821.64
3753.79 4823.42
3752.62 4825.19
3751.45 4826.97
3750.28 4828.74
3749.1 4830.51
3747.92 4832.28
3746.74 4834.05
3745.56 4835.82
3744.37 4837.58
3743.18 4839.34
3741.99 4841.1
3740.8 4842.86
3739.6 4844.62
3738.4 4846.38
3737.2 4848.13
3736 4849.88
3734.79 4851.64
3733.59 4853.38
3732.38 4855.13
3731.16 4856.88
3729.95 4858.62
3728.73 4860.36
3727.51 4862.11
3726.28 4863.85
3725.06 4865.59
3723.83 4867.33
3722.61 4869.07
3721.38 4870.81
3720.15 4872.55
3718.92 4874.29
3717.69 4876.02
3716.46 4877.76
3715.22 4879.49
3713.99 4881.22
3712.75 4882.96
3711.52 4884.69
3710.28 4886.42
3709.04 4888.15
3707.8 4889.88
3706.55 4891.61
3705.31 4893.33
3704.06 4895.06
3702.82 4896.79
3701.57 4898.51
3700.32 4900.23
3699.07 4901.96
3697.82 4903.68
3696.57 4905.4
3695.32 4907.12
3694.06 4908.84
3692.81 4910.56
3691.55 4912.28
3690.29 4913.99
3689.03 4915.71
3687.77 4917.42
3686.51 4919.14
3685.25 4920.85
3683.98 4922.56
3682.72 4924.27
3681.45 4925.99
3680.18 4927.69
3678.91 4929.4
3677.64 4931.11
3676.37 4932.82
3675.1 4934.52
3673.82 4936.23
3672.55 4937.93
3671.27 4939.64
3669.99 4941.34
3668.71 4943.04
3667.43 4944.74
3666.15 4946.44
3664.87 4948.14
3663.59 4949.84
3662.3 4951.53
3661.02 4953.23
3659.73 4954.92
3658.44 4956.62
3657.15 4958.31
3655.86 4960
3654.57 4961.7
3653.27 4963.39
3651.98 4965.08
3650.68 4966.76
3649.39 4968.45
3648.09 4970.14
3646.79 4971.82
3645.49 4973.51
3644.19 4975.19
3642.88 4976.88
3641.58 4978.56
3640.28 4980.24
3638.97 4981.92
3637.66 4983.6
3636.35 4985.28
3635.04 4986.96
3633.73 4988.63
3632.42 4990.31
3631.1 4991.98
3629.79 4993.66
3628.47 4995.33
3627.16 4997
3625.84 4998.67
3624.52 5000.34
3623.2 5002.01
3621.88 5003.68
3620.55 5005.35
3619.23 5007.01
3617.9 5008.68
3616.58 5010.34
3615.25 5012.01
3613.92 5013.67
3612.59 5015.33
3611.26 5016.99
3609.93 5018.65
3608.59 5020.31
3607.26 5021.97
3605.92 5023.62
3604.58 5025.28
3603.25 5026.93
3601.91 5028.59
3600.57 5030.24
3599.22 5031.89
3597.88 5033.55
3596.54 5035.2
3595.19 5036.84
3593.84 5038.49
3592.5 5040.14
3591.15 5041.79
3589.8 5043.43
3588.45 5045.08
3587.09 5046.72
3585.74 5048.36
3584.38 5050
3583.03 5051.64
3581.67 5053.28
3580.31 5054.92
3578.95 5056.56
3577.59 5058.2
3576.23 5059.83
3574.87 5061.47
3573.5 5063.1
3572.14 5064.74
3570.77 5066.37
3569.41 5068
3568.04 5069.63
3566.67 5071.26
3565.3 5072.89
3563.92 5074.51
3562.55 5076.14
3561.18 5077.76
3559.8 5079.39
3558.42 5081.01
3557.05 5082.63
3555.67 5084.25
3554.29 5085.87
3552.9 5087.49
3551.52 5089.11
3550.14 5090.73
3548.75 5092.35
3547.37 5093.96
3545.98 5095.58
3544.59 5097.19
3543.2 5098.8
3541.81 5100.41
3540.42 5102.02
3539.03 5103.63
3537.63 5105.24
3536.24 5106.85
3534.84 5108.45
3533.44 5110.06
3532.05 5111.66
3530.65 5113.27
3529.25 5114.87
3527.84 5116.47
3526.44 5118.07
3525.04 5119.67
3523.63 5121.27
3522.22 5122.87
3520.82 5124.46
3519.41 5126.06
3518 5127.65
3516.59 5129.25
3515.17 5130.84
3513.76 5132.43
3512.35 5134.02
3510.93 5135.61
3509.51 5137.2
3508.1 5138.79
3506.68 5140.37
3505.26 5141.96
3503.84 5143.54
3502.41 5145.13
3500.99 5146.71
3499.57 5148.29
3498.14 5149.87
3496.71 5151.45
3495.29 5153.03
3493.86 5154.61
3492.43 5156.18
3491 5157.76
3489.56 5159.33
3488.13 5160.91
3486.7 5162.48
3485.26 5164.05
3483.82 5165.62
3482.38 5167.19
3480.95 5168.76
3479.51 5170.33
3478.06 5171.89
3476.62 5173.46
3475.18 5175.02
3473.73 5176.58
3472.29 5178.15
3470.84 5179.71
3469.39 5181.27
3467.94 5182.83
3466.49 5184.38
3465.04 5185.94
3463.59 5187.5
3462.14 5189.05
3460.68 5190.61
3459.23 5192.16
3457.77 5193.71
3456.31 5195.26
3454.85 5196.81
3453.39 5198.36
3451.93 5199.91
3450.47 5201.45
3449.01 5203
3447.54 5204.54
3446.08 5206.09
3444.61 5207.63
3443.14 5209.17
3441.67 5210.71
3440.2 5212.25
3438.73 5213.79
3437.26 5215.33
3435.79 5216.86
3434.31 5218.4
3432.84 5219.93
3431.36 5221.47
3429.88 5223
3428.4 5224.53
3426.92 5226.06
3425.44 5227.59
3423.96 5229.12
3422.48 5230.64
3420.99 5232.17
3419.51 5233.69
3418.02 5235.22
3416.54 5236.74
3415.05 5238.26
3413.56 5239.78
3412.07 5241.3
3410.58 5242.82
3409.08 5244.34
3407.59 5245.85
3406.09 5247.37
3404.6 5248.88
3403.1 5250.39
3401.6 5251.91
3400.1 5253.42
3398.6 5254.93
3397.1 5256.44
3395.6 5257.94
3394.1 5259.45
3392.59 5260.96
3391.09 5262.46
3389.58 5263.96
3388.07 5265.47
3386.56 5266.97
3385.05 5268.47
3383.54 5269.97
3382.03 5271.46
3380.52 5272.96
3379 5274.46
3377.49 5275.95
3375.97 5277.45
3374.46 5278.94
3372.94 5280.43
3371.42 5281.92
3369.9 5283.41
3368.38 5284.9
3366.85 5286.39
3365.33 5287.87
3363.8 5289.36
3362.28 5290.84
3360.75 5292.32
3359.22 5293.81
3357.7 5295.29
3356.17 5296.77
3354.63 5298.25
3353.1 5299.72
3351.57 5301.2
3350.04 5302.68
3348.5 5304.15
3346.96 5305.62
3345.43 5307.1
3343.89 5308.57
3342.35 5310.04
3340.81 5311.5
3339.27 5312.97
3337.72 5314.44
3336.18 5315.9
3334.64 5317.37
3333.09 5318.83
3331.54 5320.3
3330 5321.76
3328.45 5323.22
3326.9 5324.68
3325.35 5326.13
3323.8 5327.59
3322.24 5329.05
3320.69 5330.5
3319.13 5331.95
3317.58 5333.41
3316.02 5334.86
3314.46 5336.31
3312.9 5337.76
3311.34 5339.2
3309.78 5340.65
3308.22 5342.1
3306.66 5343.54
3305.09 5344.99
3303.53 5346.43
3301.96 5347.87
3300.4 5349.31
3298.83 5350.75
3297.26 5352.19
3295.69 5353.62
3294.12 5355.06
3292.54 5356.49
3290.97 5357.93
3289.4 5359.36
3287.82 5360.79
3286.24 5362.22
3284.67 5363.65
3283.09 5365.08
3281.51 5366.5
3279.93 5367.93
3278.35 5369.35
3276.76 5370.78
3275.18 5372.2
3273.6 5373.62
3272.01 5375.04
3270.43 5376.46
3268.84 5377.88
3267.25 5379.3
3265.66 5380.71
3264.07 5382.12
3262.48 5383.54
3260.88 5384.95
3259.29 5386.36
3257.7 5387.77
3256.1 5389.18
3254.5 5390.59
3252.91 5391.99
3251.31 5393.4
3249.71 5394.8
3248.11 5396.21
3246.51 5397.61
3244.9 5399.01
3243.3 5400.41
3241.7 5401.81
3240.09 5403.21
3238.49 5404.6
3236.88 5406
3235.27 5407.39
3233.66 5408.78
3232.05 5410.18
3230.44 5411.57
3228.83 5412.96
3227.21 5414.34
3225.6 5415.73
3223.98 5417.12
3222.37 5418.5
3220.75 5419.89
3219.13 5421.27
3217.51 5422.65
3215.89 5424.03
3214.27 5425.41
3212.65 5426.79
3211.02 5428.16
3209.4 5429.54
3207.78 5430.91
3206.15 5432.29
3204.52 5433.66
3202.89 5435.03
3201.26 5436.4
3199.63 5437.77
3198 5439.14
3196.37 5440.5
3194.74 5441.87
3193.11 5443.23
3191.47 5444.59
3189.83 5445.96
3188.2 5447.32
3186.56 5448.68
3184.92 5450.04
3183.28 5451.39
3181.64 5452.75
3180 5454.1
3178.36 5455.46
3176.71 5456.81
3175.07 5458.16
3173.42 5459.51
3171.78 5460.86
3170.13 5462.21
3168.48 5463.55
3166.83 5464.9
3165.18 5466.24
3163.53 5467.59
3161.88 5468.93
3160.23 5470.27
3158.57 5471.61
3156.92 5472.95
3155.26 5474.28
3153.6 5475.62
3151.95 5476.96
3150.29 5478.29
3148.63 5479.62
3146.97 5480.95
3145.31 5482.28
3143.64 5483.61
3141.98 5484.94
3140.31 5486.27
3138.65 5487.59
3136.98 5488.92
3135.32 5490.24
3133.65 5491.56
3131.98 5492.88
3130.31 5494.2
3128.64 5495.52
3126.97 5496.84
3125.29 5498.15
3123.62 5499.47
3121.94 5500.78
3120.27 5502.09
3118.59 5503.41
3116.91 5504.72
3115.24 5506.02
3113.56 5507.33
3111.88 5508.64
3110.19 5509.94
3108.51 5511.25
3106.83 5512.55
3105.15 5513.85
3103.46 5515.15
3101.77 5516.45
3100.09 5517.75
3098.4 5519.05
3096.71 5520.34
3095.02 5521.64
3093.33 5522.93
3091.64 5524.22
3089.95 5525.51
3088.25 5526.8
3086.56 5528.09
3084.87 5529.38
3083.17 5530.67
3081.47 5531.95
3079.78 5533.23
3078.08 5534.52
3076.38 5535.8
3074.68 5537.08
3072.98 5538.36
3071.27 5539.63
3069.57 5540.91
3067.87 5542.19
3066.16 5543.46
3064.45 5544.73
3062.75 5546
3061.04 5547.28
3059.33 5548.54
3057.62 5549.81
3055.91 5551.08
3054.2 5552.34
3052.49 5553.61
3050.77 5554.87
3049.06 5556.13
3047.35 5557.39
3045.63 5558.65
3043.91 5559.91
3042.2 5561.17
3040.48 5562.43
3038.76 5563.68
3037.04 5564.93
3035.32 5566.19
3033.59 5567.44
3031.87 5568.69
3030.15 5569.93
3028.42 5571.18
3026.7 5572.43
3024.97 5573.67
3023.24 5574.92
3021.52 5576.16
3019.79 5577.4
3018.06 5578.64
3016.33 5579.88
3014.59 5581.12
3012.86 5582.35
3011.13 5583.59
3009.39 5584.82
3007.66 5586.05
3005.92 5587.29
3004.18 5588.52
3002.45 5589.74
3000.71 5590.97
2998.97 5592.2
2997.23 5593.42
2995.49 5594.65
2993.74 5595.87
2992 5597.09
2990.26 5598.31
2988.51 5599.53
2986.77 5600.75
2985.02 5601.96
2983.27 5603.18
2981.52 5604.39
2979.78 5605.61
2978.03 5606.82
2976.27 5608.03
2974.52 5609.24
2972.77 5610.45
2971.02 5611.65
2969.26 5612.86
2967.51 5614.06
2965.75 5615.26
2963.99 5616.47
2962.24 5617.67
2960.48 5618.87
2958.72 5620.06
2956.96 5621.26
2955.2 5622.46
2953.44 5623.65
2951.67 5624.84
2949.91 5626.03
2948.14 5627.22
2946.38 5628.41
2944.61 5629.6
2942.85 5630.79
2941.08 5631.97
2939.31 5633.16
2937.54 5634.34
2935.77 5635.52
2934 5636.7
2932.23 5637.88
2930.45 5639.06
2928.68 5640.24
2926.91 5641.41
2925.13 5642.58
2923.35 5643.76
2921.58 5644.93
2919.8 5646.1
2918.02 5647.27
2916.24 5648.44
2914.46 5649.6
2912.68 5650.77
2910.9 5651.93
2909.11 5653.09
2907.33 5654.26
2905.55 5655.42
2903.76 5656.57
2901.97 5657.73
2900.19 5658.89
2898.4 5660.04
2896.61 5661.2
2894.82 5662.35
2893.03 5663.5
2891.24 5664.65
2889.45 5665.8
2887.66 5666.95
2885.86 5668.09
2884.07 5669.24
2882.27 5670.38
2880.48 5671.52
2878.68 5672.66
2876.88 5673.8
2875.08 5674.94
2873.29 5676.08
2871.49 5677.22
2869.68 5678.35
2867.88 5679.48
2866.08 5680.62
2864.28 5681.75
2862.47 5682.88
2860.67 5684.01
2858.86 5685.13
2857.06 5686.26
2855.25 5687.38
2853.44 5688.51
2851.63 5689.63
2849.82 5690.75
2848.01 5691.87
2846.2 5692.99
2844.39 5694.1
2842.58 5695.22
2840.76 5696.33
2838.95 5697.44
2837.13 5698.56
2835.32 5699.67
2833.5 5700.78
2831.68 5701.88
2829.87 5702.99
2828.05 5704.09
2826.23 5705.2
2824.41 5706.3
2822.58 5707.4
2820.76 5708.5
2818.94 5709.6
2817.12 5710.7
2815.29 5711.79
2813.47 5712.89
2811.64 5713.98
2809.81 5715.08
2807.99 5716.17
2806.16 5717.26
2804.33 5718.34
2802.5 5719.43
2800.67 5720.52
2798.84 5721.6
2797 5722.68
2795.17 5723.77
2793.34 5724.85
2791.5 5725.93
2789.67 5727
2787.83 5728.08
2785.99 5729.16
2784.16 5730.23
2782.32 5731.3
2780.48 5732.37
2778.64 5733.44
2776.8 5734.51
2774.96 5735.58
2773.11 5736.65
2771.27 5737.71
