17.96 -0.05
17.97 0.12
17.96 0.19
17.97 0.38
18.01 0.43
17.99 0.6
17.97 0.72
17.94 0.78
17.92 0.92
17.85 1.07
17.81 1.13
17.8 1.25
17.78 1.41
17.79 1.53
17.69 1.62
17.7 1.67
17.62 1.81
17.61 1.89
17.56 2.03
17.48 2.1
17.46 2.26
17.34 2.32
17.28 2.47
17.32 2.54
17.25 2.62
17.18 2.73
17.12 2.79
16.98 2.97
16.98 2.99
16.89 3.13
16.79 3.26
16.76 3.3
16.66 3.42
16.56 3.44
16.49 3.59
16.43 3.71
16.39 3.73
16.33 3.83
16.25 3.96
16.12 3.98
16.09 4.05
15.95 4.17
15.91 4.29
15.77 4.32
15.67 4.4
15.63 4.43
15.52 4.53
15.44 4.63
15.35 4.74
15.25 4.76
15.18 4.81
15.1 4.92
15 4.97
14.84 5.03
14.78 5.16
14.71 5.2
14.6 5.3
14.5 5.37
14.4 5.39
14.36 5.49
14.21 5.5
14.13 5.6
14.06 5.64
13.89 5.73
13.78 5.8
13.76 5.83
13.59 5.91
13.51 5.97
13.45 5.95
13.28 6.02
13.18 6.1
13.09 6.13
12.98 6.24
12.92 6.23
12.76 6.33
12.75 6.4
12.59 6.44
12.5 6.44
12.38 6.56
12.29 6.62
12.22 6.62
12.11 6.69
11.98 6.77
11.82 6.78
11.71 6.86
11.66 6.81
11.56 6.91
11.46 6.98
11.32 7.01
11.21 7.07
11.08 7.03
10.95 7.1
10.92 7.14
10.77 7.17
10.68 7.29
10.52 7.27
10.47 7.36
10.36 7.33
10.28 7.43
10.17 7.47
10.03 7.48
9.89 7.54
9.77 7.58
9.64 7.55
9.62 7.62
9.47 7.67
9.35 7.69
9.24 7.68
9.14 7.8
9.01 7.81
8.92 7.77
8.82 7.85
8.73 7.88
8.61 7.89
8.5 7.92
8.38 8.02
8.21 8.04
8.09 8.06
8.04 8.04
7.87 8.13
7.81 8.07
7.7 8.17
7.6 8.2
7.4 8.21
7.34 8.24
7.17 8.22
7.05 8.27
7.02 8.29
6.88 8.36
6.78 8.31
6.66 8.38
6.49 8.42
6.46 8.36
6.33 8.42
6.23 8.49
6.04 8.51
6 8.5
5.84 8.49
5.72 8.52
5.59 8.6
5.54 8.57
5.42 8.59
5.28 8.57
5.14 8.67
5.04 8.62
4.95 8.65
4.84 8.66
4.74 8.73
4.57 8.68
4.45 8.76
4.36 8.78
4.27 8.73
4.1 8.8
3.98 8.73
3.85 8.79
3.74 8.76
3.7 8.78
3.56 8.8
3.44 8.85
3.26 8.81
3.15 8.88
3.1 8.83
2.92 8.85
2.86 8.9
2.75 8.87
2.61 8.89
2.46 8.9
2.41 8.95
2.28 8.89
2.12 8.91
2 8.99
1.94 8.94
1.85 8.97
1.67 8.96
1.62 9
1.45 9.02
1.36 9.01
1.2 9
1.09 8.97
0.99 8.97
0.83 9.02
0.71 8.96
0.61 9
0.52 9
0.39 8.97
0.33 9.01
0.2 9.03
0.06 8.99
-0.04 9.03
-0.15 9.01
-0.27 8.99
-0.36 9.02
-0.48 9.04
-0.6 9.04
-0.73 9.02
-0.84 9.02
-0.97 9.01
-1.13 8.98
-1.26 8.99
-1.29 8.94
-1.42 8.93
-1.52 9
-1.64 8.95
-1.79 8.96
-1.96 8.94
-2.03 8.91
-2.18 8.91
-2.23 8.89
-2.42 8.9
-2.51 8.89
-2.65 8.86
-2.72 8.87
-2.81 8.91
-2.98 8.85
-3.12 8.82
-3.21 8.84
-3.28 8.8
-3.46 8.81
-3.56 8.85
-3.61 8.86
-3.78 8.76
-3.89 8.78
-3.97 8.79
-4.14 8.73
-4.28 8.77
-4.32 8.69
-4.5 8.74
-4.6 8.67
-4.73 8.73
-4.78 8.66
-4.96 8.7
-5.03 8.64
-5.14 8.66
-5.3 8.58
-5.4 8.58
-5.52 8.56
-5.6 8.53
-5.73 8.5
-5.83 8.54
-5.94 8.47
-6.11 8.49
-6.15 8.44
-6.28 8.43
-6.43 8.41
-6.57 8.44
-6.67 8.36
-6.78 8.37
-6.9 8.37
-7 8.25
-7.06 8.29
-7.23 8.28
-7.29 8.25
-7.48 8.22
-7.53 8.18
-7.68 8.12
-7.8 8.1
-7.92 8.12
-8.01 8.1
-8.1 8.02
-8.21 8.03
-8.38 7.98
-8.46 7.98
-8.6 7.96
-8.66 7.91
-8.79 7.87
-8.86 7.85
-9.06 7.8
-9.12 7.73
-9.27 7.69
-9.3 7.65
-9.51 7.61
-9.55 7.57
-9.73 7.55
-9.76 7.57
-9.89 7.54
-10.05 7.43
-10.12 7.47
-10.2 7.42
-10.32 7.37
-10.46 7.35
-10.54 7.28
-10.69 7.26
-10.82 7.24
-10.89 7.13
-11.03 7.1
-11.06 7.09
-11.17 7.08
-11.35 6.95
-11.39 6.96
-11.5 6.89
-11.65 6.86
-11.72 6.85
-11.9 6.8
-12.01 6.75
-12.07 6.64
-12.17 6.62
-12.29 6.62
-12.36 6.56
-12.49 6.52
-12.57 6.46
-12.71 6.4
-12.81 6.32
-12.87 6.26
-12.97 6.23
-13.11 6.12
-13.26 6.12
-13.27 6.08
-13.45 5.96
-13.49 5.9
-13.67 5.84
-13.69 5.84
-13.79 5.8
-13.9 5.7
-13.99 5.63
-14.1 5.59
-14.26 5.53
-14.36 5.44
-14.46 5.43
-14.52 5.29
-14.65 5.24
-14.71 5.16
-14.76 5.14
-14.9 5.01
-15.02 5.01
-15.09 4.94
-15.19 4.84
-15.22 4.75
-15.39 4.65
-15.41 4.62
-15.54 4.58
-15.59 4.5
-15.67 4.45
-15.84 4.29
-15.86 4.22
-16.01 4.19
-16.09 4.05
-16.14 4.01
-16.24 3.91
-16.25 3.83
-16.35 3.76
-16.49 3.68
-16.52 3.6
-16.63 3.44
-16.64 3.44
-16.77 3.34
-16.81 3.22
-16.84 3.09
-16.94 3.05
-16.97 2.95
-17.06 2.84
-17.1 2.7
-17.18 2.6
-17.31 2.49
-17.34 2.46
-17.37 2.33
-17.41 2.25
-17.5 2.15
-17.54 2.06
-17.63 1.9
-17.63 1.79
-17.69 1.68
-17.67 1.59
-17.72 1.45
-17.82 1.35
-17.8 1.28
-17.81 1.15
-17.89 1.05
-17.86 0.95
-17.88 0.85
-17.96 0.67
-17.98 0.61
-17.96 0.48
-17.95 0.32
-17.97 0.21
-18 0.16
-18.03 0.01
-17.98 -0.15
-18.01 -0.22
-18.01 -0.37
-17.98 -0.42
-17.95 -0.62
-17.99 -0.72
-17.9 -0.8
-17.88 -0.95
-17.88 -1.05
-17.89 -1.13
-17.78 -1.25
-17.8 -1.4
-17.8 -1.46
-17.72 -1.56
-17.66 -1.69
-17.64 -1.78
-17.6 -1.89
-17.56 -1.98
-17.47 -2.15
-17.47 -2.21
-17.4 -2.33
-17.31 -2.43
-17.28 -2.52
-17.24 -2.62
-17.11 -2.7
-17.05 -2.8
-17 -2.93
-17 -3
-16.92 -3.09
-16.79 -3.19
-16.7 -3.35
-16.7 -3.44
-16.62 -3.46
-16.47 -3.56
-16.44 -3.66
-16.38 -3.75
-16.31 -3.86
-16.24 -3.91
-16.08 -4
-16.07 -4.06
-15.96 -4.17
-15.86 -4.27
-15.8 -4.32
-15.72 -4.4
-15.67 -4.44
-15.54 -4.58
-15.44 -4.58
-15.38 -4.66
-15.22 -4.75
-15.16 -4.86
-15.04 -4.94
-14.97 -5
-14.9 -5.02
-14.83 -5.13
-14.71 -5.23
-14.62 -5.29
-14.48 -5.3
-14.41 -5.38
-14.31 -5.49
-14.26 -5.51
-14.11 -5.58
-14.05 -5.62
-13.87 -5.73
-13.84 -5.73
-13.75 -5.85
-13.58 -5.93
-13.54 -5.97
-13.4 -5.97
-13.3 -6.08
-13.18 -6.13
-13.16 -6.12
-13.04 -6.24
-12.95 -6.23
-12.78 -6.32
-12.7 -6.38
-12.6 -6.43
-12.46 -6.44
-12.43 -6.56
-12.28 -6.61
-12.14 -6.65
-12.07 -6.72
-12 -6.74
-11.86 -6.81
-11.78 -6.83
-11.62 -6.83
-11.52 -6.9
-11.43 -6.94
-11.3 -7
-11.17 -7.02
-11.15 -7.05
-11.01 -7.11
-10.9 -7.2
-10.79 -7.24
-10.71 -7.24
-10.53 -7.32
-10.48 -7.37
-10.37 -7.35
-10.24 -7.45
-10.08 -7.43
-10.02 -7.52
-9.86 -7.51
-9.81 -7.5
-9.63 -7.56
-9.6 -7.62
-9.47 -7.71
-9.36 -7.72
-9.23 -7.71
-9.16 -7.71
-9.04 -7.81
-8.86 -7.77
-8.77 -7.9
-8.63 -7.93
-8.55 -7.88
-8.44 -7.91
-8.39 -7.99
-8.25 -7.97
-8.08 -7.98
-7.96 -8.07
-7.87 -8.07
-7.83 -8.16
-7.7 -8.17
-7.51 -8.17
-7.43 -8.22
-7.35 -8.21
-7.18 -8.25
-7.07 -8.27
-7.03 -8.28
-6.89 -8.33
-6.71 -8.38
-6.62 -8.37
-6.58 -8.43
-6.46 -8.45
-6.27 -8.43
-6.19 -8.49
-6.06 -8.49
-5.99 -8.52
-5.85 -8.47
-5.71 -8.53
-5.64 -8.54
-5.46 -8.58
-5.42 -8.55
-5.31 -8.56
-5.14 -8.65
-5.03 -8.61
-4.95 -8.65
-4.78 -8.66
-4.68 -8.73
-4.58 -8.67
-4.48 -8.75
-4.39 -8.73
-4.2 -8.71
-4.11 -8.8
-3.98 -8.77
-3.92 -8.82
-3.79 -8.79
-3.62 -8.86
-3.53 -8.8
-3.44 -8.81
-3.26 -8.84
-3.15 -8.84
-3.07 -8.9
-2.96 -8.87
-2.81 -8.86
-2.75 -8.94
-2.66 -8.92
-2.5 -8.92
-2.4 -8.89
-2.27 -8.93
-2.17 -8.96
-2.03 -8.97
-1.93 -8.96
-1.77 -8.97
-1.71 -8.94
-1.55 -8.96
-1.5 -8.93
-1.35 -8.99
-1.24 -9.01
-1.06 -9.01
-1.03 -9.01
-0.83 -8.97
-0.71 -9.04
-0.65 -9
-0.49 -8.99
-0.44 -8.96
-0.26 -8.99
-0.13 -9.04
-0.08 -9.02
0.09 -9.02
0.17 -9.01
0.29 -8.96
0.42 -8.99
0.48 -9.03
0.68 -8.98
0.76 -9.02
0.87 -8.97
1 -8.95
1.07 -8.97
1.25 -8.98
1.32 -8.97
1.5 -9.02
1.58 -8.95
1.65 -8.91
1.76 -8.97
1.97 -8.98
1.99 -8.98
2.16 -8.91
2.27 -8.9
2.43 -8.89
2.51 -8.88
2.62 -8.88
2.71 -8.88
2.89 -8.87
2.98 -8.9
3.1 -8.87
3.17 -8.87
3.34 -8.86
3.43 -8.85
3.54 -8.83
3.64 -8.81
3.82 -8.83
3.84 -8.75
4.02 -8.8
4.12 -8.78
4.24 -8.74
4.36 -8.75
4.48 -8.76
4.53 -8.7
4.72 -8.65
4.78 -8.66
4.92 -8.65
5.01 -8.65
5.16 -8.61
5.24 -8.64
5.35 -8.57
5.51 -8.62
5.6 -8.52
5.7 -8.56
5.82 -8.47
5.91 -8.51
6.11 -8.49
6.18 -8.43
6.3 -8.42
6.37 -8.43
6.48 -8.43
6.63 -8.32
6.71 -8.3
6.83 -8.33
7 -8.33
7.06 -8.27
7.24 -8.23
7.33 -8.24
7.46 -8.23
7.52 -8.19
7.69 -8.17
7.8 -8.12
7.88 -8.1
8.01 -8.1
8.08 -7.99
8.24 -8
8.32 -7.95
8.46 -7.92
8.59 -7.89
8.65 -7.91
8.84 -7.84
8.9 -7.8
9.05 -7.78
9.15 -7.72
9.21 -7.73
9.36 -7.67
9.42 -7.64
9.54 -7.67
9.72 -7.59
9.75 -7.51
9.91 -7.53
9.97 -7.51
10.17 -7.42
10.2 -7.37
10.39 -7.38
10.45 -7.35
10.54 -7.26
10.66 -7.27
10.78 -7.2
10.86 -7.17
11.01 -7.09
11.1 -7.13
11.27 -7.09
11.32 -6.97
11.43 -6.94
11.52 -6.91
11.66 -6.89
11.76 -6.79
11.89 -6.76
11.96 -6.72
12.1 -6.68
12.21 -6.66
12.24 -6.58
12.34 -6.49
12.45 -6.45
12.6 -6.46
12.71 -6.33
12.85 -6.34
12.94 -6.27
13.06 -6.24
13.15 -6.21
13.21 -6.14
13.33 -6.02
13.4 -6.04
13.55 -5.91
13.58 -5.89
13.77 -5.8
13.87 -5.79
13.96 -5.72
13.99 -5.62
14.16 -5.56
14.2 -5.52
14.3 -5.41
14.43 -5.38
14.55 -5.36
14.61 -5.23
14.74 -5.19
14.77 -5.16
14.9 -5.08
14.96 -5
15.04 -4.95
15.21 -4.88
15.29 -4.8
15.32 -4.72
15.42 -4.67
15.54 -4.59
15.61 -4.48
15.75 -4.36
15.77 -4.29
15.85 -4.23
16 -4.17
16.02 -4.05
16.15 -3.99
16.17 -3.94
16.26 -3.83
16.32 -3.78
16.42 -3.66
16.53 -3.59
16.6 -3.47
16.68 -3.35
16.71 -3.29
16.78 -3.23
16.91 -3.07
16.97 -3.07
17.04 -2.91
17.05 -2.83
17.16 -2.7
17.17 -2.62
17.24 -2.49
17.37 -2.4
17.34 -2.38
17.48 -2.22
17.49 -2.13
17.5 -1.98
17.61 -1.93
17.64 -1.83
17.69 -1.66
17.76 -1.61
17.76 -1.48
17.77 -1.4
17.85 -1.3
17.84 -1.16
17.83 -1.01
17.92 -0.91
17.9 -0.85
17.93 -0.68
17.94 -0.57
17.96 -0.42
18.02 -0.33
17.95 -0.25
17.98 -0.1
19.11 -0.03
19.06 0.08
19.04 0.21
19.05 0.35
19.1 0.54
19 0.6
19.03 0.77
19.01 0.84
18.94 1.01
18.97 1.05
18.97 1.27
18.94 1.35
18.85 1.43
18.78 1.57
18.76 1.69
18.74 1.8
18.66 1.94
18.6 2.03
18.56 2.16
18.59 2.29
18.5 2.34
18.39 2.47
18.41 2.58
18.33 2.7
18.23 2.81
18.2 2.94
18.11 3.05
18.03 3.08
17.99 3.25
17.95 3.34
17.83 3.44
17.79 3.5
17.65 3.55
17.63 3.68
17.51 3.78
17.42 3.85
17.34 3.95
17.3 4.07
17.2 4.11
17.1 4.21
17.01 4.3
16.94 4.46
16.83 4.54
16.78 4.57
16.68 4.69
16.54 4.74
16.45 4.85
16.38 4.86
16.26 4.94
16.2 5.01
16.13 5.18
16.03 5.25
15.91 5.26
15.83 5.38
15.67 5.4
15.58 5.51
15.52 5.54
15.36 5.65
15.25 5.76
15.16 5.76
15.05 5.86
14.96 5.9
14.82 5.96
14.73 6.03
14.67 6.07
14.58 6.14
14.43 6.27
14.37 6.25
14.2 6.32
14.14 6.43
14 6.47
13.89 6.49
13.81 6.59
13.66 6.65
13.62 6.73
13.45 6.72
13.4 6.78
13.22 6.86
13.18 6.95
13 6.96
12.9 7.02
12.77 7.03
12.65 7.15
12.6 7.21
12.5 7.22
12.31 7.31
12.2 7.37
12.1 7.42
12.01 7.44
11.84 7.46
11.76 7.54
11.63 7.54
11.53 7.62
11.41 7.63
11.3 7.67
11.24 7.72
11.1 7.72
10.99 7.8
10.84 7.86
10.73 7.92
10.61 7.95
10.48 7.96
10.34 8.02
10.28 8.04
10.11 8.08
10.03 8.15
9.93 8.18
9.76 8.18
9.65 8.21
9.55 8.27
9.41 8.34
9.36 8.31
9.2 8.31
9.09 8.37
8.96 8.4
8.84 8.44
8.71 8.51
8.58 8.49
8.48 8.57
8.37 8.62
8.24 8.65
8.11 8.6
7.96 8.64
7.88 8.65
7.74 8.75
7.66 8.74
7.53 8.72
7.36 8.83
7.25 8.79
7.13 8.86
7 8.88
6.88 8.87
6.8 8.9
6.63 8.91
6.52 8.98
6.48 8.97
6.31 8.99
6.17 8.98
6.07 9
5.9 9.1
5.79 9.1
5.72 9.1
5.59 9.16
5.49 9.18
5.31 9.12
5.2 9.23
5.11 9.23
5.02 9.22
4.88 9.18
4.76 9.26
4.64 9.28
4.54 9.24
4.37 9.31
4.27 9.3
4.11 9.27
4 9.33
3.91 9.33
3.72 9.36
3.58 9.34
3.49 9.4
3.43 9.4
3.22 9.39
3.11 9.46
3 9.46
2.9 9.38
2.73 9.44
2.63 9.5
2.53 9.44
2.43 9.43
2.31 9.5
2.14 9.49
2.04 9.45
1.9 9.53
1.83 9.47
1.66 9.54
1.54 9.53
1.44 9.49
1.27 9.56
1.17 9.51
1.02 9.57
0.94 9.51
0.77 9.48
0.69 9.57
0.52 9.54
0.48 9.52
0.27 9.52
0.17 9.49
0.05 9.52
-0.05 9.56
-0.17 9.51
-0.29 9.5
-0.45 9.53
-0.58 9.56
-0.71 9.5
-0.77 9.54
-0.92 9.49
-1.08 9.53
-1.15 9.52
-1.26 9.48
-1.37 9.55
-1.51 9.48
-1.61 9.5
-1.83 9.47
-1.95 9.5
-2.08 9.48
-2.18 9.45
-2.29 9.49
-2.41 9.48
-2.54 9.47
-2.64 9.46
-2.77 9.42
-2.84 9.42
-2.99 9.4
-3.15 9.41
-3.26 9.39
-3.38 9.35
-3.48 9.39
-3.58 9.35
-3.8 9.34
-3.87 9.35
-3.99 9.37
-4.09 9.32
-4.21 9.35
-4.32 9.25
-4.44 9.23
-4.57 9.24
-4.74 9.27
-4.82 9.24
-5.01 9.19
-5.11 9.22
-5.18 9.15
-5.32 9.2
-5.45 9.13
-5.63 9.11
-5.74 9.1
-5.82 9.1
-5.96 9.06
-6.05 9.06
-6.19 9.03
-6.33 9.02
-6.44 8.95
-6.56 8.98
-6.66 8.9
-6.77 8.88
-6.94 8.85
-7.02 8.89
-7.12 8.8
-7.24 8.85
-7.37 8.83
-7.49 8.72
-7.66 8.73
-7.81 8.72
-7.84 8.69
-8 8.67
-8.17 8.67
-8.24 8.59
-8.41 8.56
-8.48 8.51
-8.61 8.47
-8.76 8.51
-8.86 8.45
-8.97 8.41
-9.03 8.35
-9.24 8.39
-9.28 8.36
-9.45 8.31
-9.53 8.25
-9.68 8.19
-9.77 8.22
-9.87 8.13
-10.04 8.16
-10.13 8.04
-10.31 8.02
-10.38 7.96
-10.51 7.92
-10.62 7.93
-10.7 7.91
-10.86 7.88
-10.95 7.84
-11.08 7.76
-11.22 7.74
-11.31 7.64
-11.46 7.62
-11.58 7.63
-11.63 7.55
-11.73 7.55
-11.9 7.51
-12.05 7.44
-12.07 7.37
-12.25 7.32
-12.33 7.26
-12.5 7.18
-12.55 7.22
-12.65 7.13
-12.8 7.13
-12.96 7.04
-13.01 6.93
-13.09 6.96
-13.23 6.82
-13.33 6.86
-13.43 6.71
-13.6 6.7
-13.69 6.63
-13.79 6.63
-13.9 6.51
-14.05 6.46
-14.12 6.43
-14.21 6.37
-14.38 6.31
-14.41 6.2
-14.56 6.22
-14.62 6.1
-14.72 6.04
-14.81 6.01
-14.93 5.96
-15.08 5.89
-15.17 5.82
-15.25 5.69
-15.36 5.63
-15.46 5.6
-15.54 5.55
-15.67 5.45
-15.81 5.39
-15.84 5.28
-15.97 5.25
-16.1 5.12
-16.15 5.07
-16.23 5.03
-16.41 4.89
-16.49 4.87
-16.54 4.78
-16.61 4.71
-16.76 4.61
-16.83 4.48
-16.95 4.41
-17 4.31
-17.14 4.29
-17.18 4.14
-17.22 4.1
-17.37 4
-17.43 3.86
-17.46 3.83
-17.55 3.7
-17.63 3.64
-17.71 3.5
-17.86 3.45
-17.89 3.26
-18 3.21
-18.03 3.09
-18.16 2.98
-18.14 2.88
-18.26 2.84
-18.35 2.73
-18.4 2.58
-18.44 2.48
-18.44 2.36
-18.5 2.21
-18.55 2.16
-18.62 2.07
-18.7 1.96
-18.78 1.85
-18.8 1.71
-18.86 1.55
-18.9 1.46
-18.9 1.36
-18.88 1.26
-18.93 1.1
-19.01 0.95
-18.96 0.91
-19 0.75
-19.05 0.66
-19.1 0.54
-19.07 0.38
-19.06 0.28
-19.06 0.09
-19.04 -0.04
-19.1 -0.1
-19.12 -0.2
-19.06 -0.41
-19.1 -0.5
-19.04 -0.57
-19.01 -0.69
-19.02 -0.83
-18.95 -0.95
-18.94 -1.08
-18.89 -1.18
-18.92 -1.32
-18.81 -1.42
-18.81 -1.61
-18.76 -1.67
-18.75 -1.77
-18.66 -1.92
-18.64 -2.01
-18.62 -2.18
-18.5 -2.22
-18.48 -2.37
-18.42 -2.47
-18.33 -2.56
-18.26 -2.68
-18.28 -2.77
-18.13 -2.91
-18.07 -3.03
-18.05 -3.07
-17.99 -3.23
-17.86 -3.29
-17.87 -3.37
-17.77 -3.47
-17.68 -3.62
-17.62 -3.65
-17.47 -3.79
-17.46 -3.9
-17.3 -4.01
-17.25 -4.03
-17.17 -4.16
-17.06 -4.25
-17 -4.32
-16.91 -4.39
-16.85 -4.52
-16.76 -4.58
-16.68 -4.69
-16.55 -4.72
-16.41 -4.81
-16.33 -4.93
-16.24 -4.94
-16.13 -5.08
-16.06 -5.16
-15.97 -5.18
-15.89 -5.25
-15.83 -5.39
-15.71 -5.45
-15.62 -5.53
-15.46 -5.54
-15.36 -5.66
-15.32 -5.74
-15.13 -5.79
-15.09 -5.84
-14.96 -5.95
-14.81 -6
-14.75 -6.06
-14.62 -6.12
-14.57 -6.14
-14.42 -6.26
-14.38 -6.27
-14.26 -6.39
-14.13 -6.42
-13.99 -6.5
-13.95 -6.54
-13.79 -6.6
-13.66 -6.6
-13.62 -6.67
-13.46 -6.79
-13.33 -6.82
-13.27 -6.82
-13.11 -6.91
-13.04 -6.93
-12.88 -7.03
-12.82 -7.06
-12.7 -7.16
-12.6 -7.22
-12.47 -7.2
-12.34 -7.26
-12.24 -7.33
-12.15 -7.39
-11.96 -7.38
-11.93 -7.42
-11.73 -7.47
-11.68 -7.55
-11.52 -7.62
-11.38 -7.68
-11.35 -7.67
-11.21 -7.77
-11.11 -7.73
-10.93 -7.85
-10.81 -7.87
-10.75 -7.85
-10.62 -7.97
-10.47 -7.98
-10.42 -7.96
-10.23 -8.01
-10.15 -8.12
-10 -8.08
-9.94 -8.17
-9.81 -8.18
-9.63 -8.24
-9.55 -8.31
-9.41 -8.25
-9.31 -8.29
-9.2 -8.32
-9.09 -8.37
-8.94 -8.37
-8.89 -8.47
-8.68 -8.45
-8.57 -8.55
-8.5 -8.56
-8.37 -8.54
-8.23 -8.64
-8.15 -8.62
-8 -8.66
-7.9 -8.68
-7.74 -8.7
-7.64 -8.71
-7.56 -8.79
-7.44 -8.83
-7.31 -8.85
-7.13 -8.8
-7.03 -8.87
-6.92 -8.92
-6.8 -8.87
-6.69 -8.95
-6.59 -8.96
-6.45 -9.01
-6.32 -9.02
-6.16 -9
-6.05 -9.01
-5.98 -9.11
-5.83 -9.09
-5.75 -9.13
-5.62 -9.17
-5.51 -9.18
-5.32 -9.12
-5.18 -9.16
-5.05 -9.14
-4.94 -9.19
-4.82 -9.21
-4.76 -9.21
-4.59 -9.27
-4.46 -9.24
-4.39 -9.32
-4.28 -9.25
-4.14 -9.35
-3.98 -9.31
-3.87 -9.32
-3.78 -9.33
-3.65 -9.4
-3.48 -9.38
-3.36 -9.37
-3.26 -9.44
-3.12 -9.45
-3.02 -9.37
-2.87 -9.48
-2.77 -9.46
-2.67 -9.45
-2.51 -9.41
-2.42 -9.44
-2.28 -9.48
-2.11 -9.49
-1.99 -9.47
-1.86 -9.48
-1.79 -9.48
-1.7 -9.51
-1.52 -9.49
-1.39 -9.55
-1.3 -9.54
-1.15 -9.56
-1.01 -9.48
-0.93 -9.53
-0.75 -9.54
-0.64 -9.57
-0.59 -9.49
-0.39 -9.53
-0.33 -9.52
-0.21 -9.55
-0.08 -9.51
0.06 -9.51
0.17 -9.51
0.33 -9.53
0.42 -9.56
0.52 -9.56
0.66 -9.49
0.79 -9.56
0.96 -9.51
1.05 -9.56
1.18 -9.53
1.28 -9.52
1.43 -9.48
1.52 -9.55
1.67 -9.46
1.81 -9.52
1.96 -9.5
2.01 -9.51
2.18 -9.47
2.28 -9.44
2.35 -9.44
2.56 -9.46
2.64 -9.47
2.74 -9.39
2.93 -9.47
3.02 -9.38
3.17 -9.36
3.28 -9.44
3.42 -9.42
3.48 -9.41
3.59 -9.4
3.73 -9.37
3.92 -9.37
3.97 -9.31
4.1 -9.33
4.28 -9.31
4.32 -9.26
4.47 -9.3
4.64 -9.26
4.78 -9.24
4.9 -9.22
5.01 -9.2
5.07 -9.16
5.2 -9.21
5.39 -9.13
5.48 -9.15
5.57 -9.16
5.76 -9.08
5.84 -9.05
5.95 -9.03
6.09 -9.04
6.24 -9.02
6.27 -9.03
6.44 -8.95
6.58 -8.93
6.71 -8.93
6.85 -8.88
6.97 -8.88
7.02 -8.91
7.2 -8.88
7.3 -8.82
7.4 -8.78
7.53 -8.74
7.61 -8.77
7.74 -8.73
7.87 -8.65
8.04 -8.7
8.1 -8.67
8.21 -8.64
8.41 -8.62
8.52 -8.55
8.61 -8.53
8.75 -8.45
8.83 -8.48
8.95 -8.38
9.11 -8.42
9.19 -8.36
9.36 -8.32
9.43 -8.25
9.56 -8.27
9.71 -8.24
9.76 -8.23
9.91 -8.19
9.99 -8.1
10.16 -8.06
10.23 -8
10.33 -8.03
10.48 -7.99
10.66 -7.95
10.74 -7.91
10.8 -7.81
11.01 -7.77
11.11 -7.8
11.21 -7.69
11.27 -7.67
11.4 -7.62
11.53 -7.55
11.63 -7.52
11.77 -7.52
11.85 -7.46
12.04 -7.46
12.17 -7.35
12.24 -7.37
12.39 -7.3
12.41 -7.2
12.61 -7.18
12.73 -7.13
12.79 -7.08
12.88 -7
13.02 -6.96
13.16 -6.93
13.23 -6.9
13.37 -6.86
13.48 -6.77
13.55 -6.72
13.7 -6.61
13.81 -6.63
13.92 -6.49
13.99 -6.51
14.08 -6.45
14.21 -6.37
14.36 -6.26
14.4 -6.21
14.52 -6.13
14.62 -6.1
14.73 -6.04
14.91 -5.95
14.93 -5.96
15.05 -5.88
15.17 -5.73
15.23 -5.74
15.36 -5.62
15.46 -5.62
15.63 -5.49
15.64 -5.47
15.74 -5.33
15.86 -5.31
16 -5.23
16.07 -5.13
16.19 -5.06
16.31 -4.98
16.36 -4.87
16.48 -4.86
16.58 -4.72
16.64 -4.63
16.71 -4.57
16.84 -4.48
16.88 -4.39
17.01 -4.31
17.11 -4.24
17.2 -4.11
17.26 -4.11
17.34 -3.99
17.41 -3.9
17.51 -3.75
17.62 -3.67
17.67 -3.65
17.72 -3.46
17.82 -3.42
17.94 -3.35
17.96 -3.23
18.06 -3.14
18.08 -2.96
18.2 -2.9
18.2 -2.82
18.27 -2.71
18.4 -2.63
18.46 -2.51
18.53 -2.41
18.58 -2.23
18.56 -2.12
18.6 -2.03
18.66 -1.95
18.73 -1.84
18.81 -1.69
18.82 -1.56
18.81 -1.46
18.93 -1.37
18.92 -1.27
18.94 -1.07
18.97 -0.94
18.96 -0.87
18.98 -0.71
19.07 -0.59
19.07 -0.45
19.1 -0.39
19.04 -0.22
19.08 -0.13
20.16 0.03
20.11 0.13
20.13 0.24
20.14 0.37
20.13 0.51
20.16 0.62
20.15 0.81
20.05 0.87
20.05 1.04
19.98 1.11
19.97 1.28
19.94 1.44
19.95 1.53
19.9 1.65
19.81 1.77
19.76 1.88
19.78 2.07
19.7 2.13
19.68 2.29
19.56 2.41
19.5 2.53
19.46 2.63
19.41 2.69
19.35 2.87
19.3 2.93
19.24 3.07
19.17 3.18
19.07 3.3
18.97 3.34
18.88 3.5
18.81 3.64
18.73 3.66
18.64 3.85
18.63 3.95
18.55 3.99
18.42 4.1
18.28 4.2
18.23 4.28
18.17 4.43
18.02 4.44
18 4.59
17.84 4.66
17.77 4.78
17.7 4.84
17.61 4.91
17.49 5.03
17.41 5.1
17.3 5.21
17.22 5.24
17.06 5.32
17.04 5.45
16.91 5.55
16.77 5.59
16.67 5.67
16.61 5.69
16.5 5.81
16.37 5.84
16.23 5.94
16.17 6.01
16.01 6.09
15.95 6.19
15.84 6.22
15.71 6.32
15.6 6.34
15.53 6.47
15.4 6.53
15.28 6.62
15.15 6.65
15.08 6.67
14.92 6.83
14.75 6.86
14.71 6.9
14.58 7.01
14.45 7.05
14.36 7.1
14.27 7.15
14.15 7.22
14.04 7.22
13.87 7.27
13.71 7.35
13.6 7.39
13.57 7.44
13.36 7.52
13.24 7.54
13.15 7.59
13.02 7.73
12.88 7.77
12.77 7.78
12.71 7.86
12.54 7.87
12.4 7.89
12.32 8.03
12.23 8.02
12.08 8.08
11.99 8.15
11.82 8.2
11.73 8.16
11.57 8.24
11.43 8.34
11.37 8.38
11.23 8.36
11.06 8.42
10.92 8.5
10.82 8.49
10.72 8.54
10.55 8.62
10.43 8.61
10.39 8.63
10.24 8.69
10.08 8.76
9.99 8.79
9.8 8.8
9.68 8.83
9.62 8.85
9.48 8.95
9.35 8.91
9.19 8.97
9.08 8.96
8.96 9.04
8.84 9.08
8.69 9.13
8.57 9.07
8.5 9.18
8.35 9.2
8.25 9.25
8.06 9.22
7.98 9.29
7.85 9.25
7.65 9.29
7.57 9.29
7.49 9.35
7.33 9.39
7.15 9.38
7.05 9.41
6.92 9.49
6.85 9.53
6.65 9.47
6.5 9.49
6.37 9.51
6.24 9.61
6.21 9.59
6.02 9.63
5.94 9.62
5.73 9.66
5.63 9.73
5.51 9.7
5.44 9.72
5.24 9.7
5.15 9.77
5.04 9.74
4.84 9.79
4.76 9.78
4.63 9.79
4.48 9.79
4.36 9.84
4.26 9.85
4.11 9.9
3.96 9.89
3.82 9.86
3.68 9.89
3.57 9.92
3.48 9.91
3.3 9.9
3.14 9.98
3.06 9.92
2.93 9.92
2.79 9.94
2.68 9.96
2.52 10
2.37 10
2.23 10.03
2.18 10.05
2.04 10.07
1.92 10.02
1.71 10.02
1.63 10.05
1.45 10.07
1.35 10.02
1.22 10.02
1.07 10.08
0.96 10.05
0.84 10.07
0.69 10.09
0.61 10.1
0.42 10.08
0.34 10.11
0.24 10.04
0.07 10.1
-0.05 10.04
-0.24 10.09
-0.32 10.1
-0.48 10.1
-0.57 10.1
-0.73 10.07
-0.8 10.06
-0.94 10.04
-1.1 10.03
-1.19 10.06
-1.39 10.07
-1.46 10
-1.64 10
-1.75 10.04
-1.84 10.02
-1.99 9.99
-2.12 10.06
-2.31 10.05
-2.41 10
-2.51 10.01
-2.72 9.98
-2.78 9.95
-2.92 9.94
-3.1 9.98
-3.22 9.99
-3.32 9.93
-3.46 9.94
-3.53 9.95
-3.74 9.94
-3.86 9.86
-3.99 9.93
-4.14 9.9
-4.22 9.85
-4.38 9.8
-4.49 9.81
-4.63 9.83
-4.75 9.79
-4.9 9.76
-4.99 9.76
-5.17 9.75
-5.24 9.71
-5.42 9.7
-5.52 9.68
-5.67 9.7
-5.8 9.68
-5.91 9.65
-6.04 9.65
-6.16 9.57
-6.32 9.58
-6.42 9.55
-6.51 9.5
-6.65 9.47
-6.76 9.53
-6.92 9.51
-7.08 9.43
-7.16 9.37
-7.32 9.36
-7.43 9.34
-7.58 9.36
-7.67 9.34
-7.78 9.26
-7.97 9.3
-8.03 9.22
-8.19 9.22
-8.36 9.19
-8.47 9.19
-8.56 9.09
-8.74 9.06
-8.83 9.02
-8.93 9.06
-9.07 8.97
-9.19 9.01
-9.33 8.89
-9.42 8.88
-9.56 8.85
-9.72 8.83
-9.8 8.84
-9.93 8.73
-10.07 8.74
-10.22 8.73
-10.38 8.62
-10.49 8.61
-10.62 8.55
-10.72 8.57
-10.82 8.46
-10.93 8.51
-11.09 8.42
-11.23 8.34
-11.36 8.37
-11.45 8.26
-11.55 8.24
-11.76 8.18
-11.8 8.13
-11.91 8.07
-12.1 8.05
-12.22 8.07
-12.34 7.98
-12.45 7.92
-12.55 7.9
-12.71 7.83
-12.79 7.82
-12.95 7.78
-13.08 7.67
-13.13 7.68
-13.31 7.61
-13.4 7.48
-13.5 7.52
-13.68 7.39
-13.73 7.32
-13.92 7.32
-14.03 7.28
-14.08 7.2
-14.24 7.13
-14.38 7.08
-14.51 7.05
-14.59 6.95
-14.72 6.86
-14.83 6.89
-14.91 6.82
-14.99 6.72
-15.11 6.66
-15.23 6.58
-15.34 6.5
-15.53 6.5
-15.61 6.42
-15.75 6.31
-15.85 6.25
-15.89 6.23
-16.08 6.13
-16.1 6.09
-16.25 6.01
-16.32 5.93
-16.47 5.82
-16.62 5.73
-16.67 5.64
-16.78 5.59
-16.91 5.46
-17 5.38
-17.07 5.31
-17.21 5.28
-17.26 5.22
-17.41 5.05
-17.47 4.97
-17.58 4.92
-17.67 4.84
-17.78 4.78
-17.91 4.67
-17.95 4.53
-18.03 4.51
-18.17 4.42
-18.27 4.28
-18.31 4.16
-18.42 4.09
-18.51 4.03
-18.59 3.94
-18.71 3.78
-18.72 3.7
-18.81 3.62
-18.94 3.5
-18.96 3.42
-19.09 3.33
-19.12 3.14
-19.18 3.02
-19.23 3
-19.37 2.86
-19.42 2.73
-19.44 2.64
-19.48 2.45
-19.58 2.35
-19.69 2.31
-19.72 2.14
-19.77 2
-19.81 1.93
-19.89 1.79
-19.84 1.65
-19.93 1.54
-19.95 1.42
-19.98 1.26
-19.99 1.2
-20.09 1.05
-20.13 0.89
-20.06 0.79
-20.1 0.61
-20.17 0.55
-20.19 0.4
-20.19 0.23
-20.11 0.08
-20.14 0.01
-20.14 -0.08
-20.18 -0.27
-20.13 -0.38
-20.14 -0.52
-20.11 -0.67
-20.1 -0.74
-20.04 -0.93
-20.09 -1.03
-20.05 -1.18
-20.04 -1.29
-20 -1.38
-19.91 -1.55
-19.85 -1.66
-19.82 -1.79
-19.78 -1.94
-19.71 -2.04
-19.73 -2.18
-19.65 -2.31
-19.56 -2.4
-19.54 -2.52
-19.5 -2.61
-19.38 -2.69
-19.33 -2.84
-19.26 -3
-19.22 -3.11
-19.09 -3.15
-19.1 -3.25
-19.02 -3.37
-18.92 -3.52
-18.84 -3.64
-18.75 -3.69
-18.64 -3.85
-18.57 -3.9
-18.53 -4.03
-18.38 -4.14
-18.36 -4.21
-18.24 -4.3
-18.18 -4.39
-18.05 -4.44
-17.97 -4.58
-17.86 -4.68
-17.78 -4.74
-17.69 -4.8
-17.57 -4.88
-17.5 -4.99
-17.37 -5.14
-17.32 -5.21
-17.21 -5.25
-17.07 -5.36
-16.95 -5.46
-16.86 -5.5
-16.8 -5.57
-16.71 -5.62
-16.58 -5.77
-16.46 -5.83
-16.31 -5.91
-16.21 -5.93
-16.09 -6.07
-16.02 -6.07
-15.89 -6.16
-15.81 -6.26
-15.66 -6.33
-15.56 -6.42
-15.52 -6.47
-15.38 -6.49
-15.26 -6.58
-15.13 -6.63
-15.08 -6.74
-14.91 -6.8
-14.79 -6.8
-14.71 -6.91
-14.54 -6.97
-14.5 -7.02
-14.32 -7.08
-14.2 -7.1
-14.13 -7.21
-13.95 -7.23
-13.87 -7.28
-13.8 -7.36
-13.63 -7.47
-13.53 -7.48
-13.37 -7.56
-13.31 -7.62
-13.17 -7.65
-13.08 -7.67
-12.88 -7.78
-12.84 -7.81
-12.72 -7.86
-12.59 -7.85
-12.42 -7.88
-12.31 -7.95
-12.23 -8.07
-12.09 -8.09
-11.91 -8.1
-11.87 -8.16
-11.71 -8.22
-11.58 -8.27
-11.42 -8.26
-11.3 -8.31
-11.18 -8.38
-11.14 -8.37
-10.93 -8.43
-10.85 -8.49
-10.71 -8.53
-10.56 -8.58
-10.51 -8.64
-10.36 -8.65
-10.24 -8.66
-10.06 -8.68
-9.96 -8.78
-9.85 -8.8
-9.69 -8.84
-9.61 -8.83
-9.5 -8.95
-9.3 -8.89
-9.25 -8.95
-9.14 -8.95
-8.95 -9.03
-8.82 -9.01
-8.76 -9.12
-8.56 -9.17
-8.46 -9.1
-8.38 -9.15
-8.17 -9.22
-8.04 -9.21
-7.92 -9.24
-7.87 -9.34
-7.68 -9.28
-7.56 -9.34
-7.45 -9.37
-7.32 -9.4
-7.21 -9.41
-7.09 -9.46
-6.9 -9.47
-6.76 -9.46
-6.71 -9.53
-6.59 -9.52
-6.46 -9.53
-6.27 -9.56
-6.11 -9.56
-6 -9.67
-5.9 -9.61
-5.77 -9.66
-5.69 -9.63
-5.49 -9.73
-5.4 -9.69
-5.24 -9.7
-5.12 -9.79
-5.02 -9.76
-4.87 -9.78
-4.75 -9.81
-4.6 -9.78
-4.52 -9.79
-4.33 -9.81
-4.24 -9.86
-4.1 -9.82
-4 -9.84
-3.79 -9.93
-3.68 -9.89
-3.54 -9.9
-3.43 -9.89
-3.32 -9.94
-3.15 -9.91
-3.02 -10
-2.93 -9.94
-2.81 -9.95
-2.65 -10.01
-2.52 -9.97
-2.43 -9.98
-2.25 -10.03
-2.1 -10.06
-2 -10.06
-1.9 -10.06
-1.73 -10.07
-1.65 -10.04
-1.54 -10.06
-1.33 -10.06
-1.23 -10.04
-1.14 -10.04
-0.96 -10.11
-0.85 -10.03
-0.75 -10.06
-0.62 -10.03
-0.42 -10.03
-0.34 -10.03
-0.2 -10.11
-0.03 -10.1
0.02 -10.09
0.18 -10.1
0.37 -10.11
0.48 -10.05
0.6 -10.1
0.73 -10.08
0.87 -10.1
0.95 -10.08
1.13 -10.1
1.19 -10.07
1.35 -10.08
1.52 -10.09
1.67 -10.05
1.72 -10
1.91 -10.08
2.06 -10.05
2.19 -10
2.3 -10.01
2.39 -10.04
2.55 -10.02
2.63 -10
2.83 -9.99
2.97 -9.96
3.04 -9.91
3.22 -9.96
3.33 -9.99
3.46 -9.93
3.61 -9.95
3.71 -9.93
3.8 -9.92
3.99 -9.85
4.14 -9.84
4.25 -9.81
4.31 -9.87
4.47 -9.81
4.62 -9.82
4.7 -9.83
4.86 -9.82
4.95 -9.79
5.15 -9.71
5.26 -9.76
5.39 -9.73
5.55 -9.71
5.62 -9.69
5.74 -9.65
5.94 -9.65
6.06 -9.58
6.2 -9.56
6.32 -9.55
6.42 -9.52
6.51 -9.48
6.63 -9.49
6.77 -9.49
6.95 -9.51
7.07 -9.41
7.14 -9.42
7.28 -9.36
7.42 -9.37
7.55 -9.31
7.65 -9.31
7.85 -9.29
7.98 -9.31
8.11 -9.22
8.18 -9.17
8.29 -9.23
8.45 -9.14
8.6 -9.13
8.69 -9.07
8.88 -9.01
8.96 -9.02
9.09 -9.04
9.25 -9
9.37 -8.91
9.49 -8.88
9.58 -8.82
9.67 -8.81
9.84 -8.82
9.99 -8.73
10.13 -8.72
10.24 -8.69
10.34 -8.65
10.49 -8.58
10.56 -8.62
10.73 -8.54
10.8 -8.53
10.98 -8.45
11.08 -8.44
11.24 -8.4
11.34 -8.31
11.44 -8.33
11.55 -8.28
11.68 -8.18
11.83 -8.14
11.99 -8.14
12.06 -8.12
12.23 -8
12.33 -7.95
12.42 -7.91
12.61 -7.87
12.67 -7.79
12.81 -7.75
12.97 -7.77
13.03 -7.65
13.12 -7.67
13.25 -7.54
13.42 -7.5
13.53 -7.43
13.66 -7.46
13.71 -7.32
13.92 -7.29
14.01 -7.3
14.16 -7.18
14.22 -7.12
14.32 -7.06
14.47 -6.98
14.6 -7.01
14.67 -6.93
14.83 -6.88
14.95 -6.81
15.06 -6.69
15.19 -6.65
15.3 -6.6
15.33 -6.56
15.53 -6.45
15.62 -6.37
15.67 -6.29
15.79 -6.29
15.96 -6.15
16.08 -6.09
16.11 -6.04
16.25 -5.94
16.38 -5.93
16.43 -5.82
16.57 -5.73
16.68 -5.67
16.73 -5.56
16.93 -5.54
17 -5.43
17.04 -5.32
17.16 -5.23
17.27 -5.15
17.37 -5.08
17.49 -5
17.58 -4.9
17.7 -4.8
17.79 -4.74
17.83 -4.7
17.94 -4.56
18.04 -4.52
18.11 -4.41
18.19 -4.27
18.31 -4.22
18.46 -4.1
18.53 -3.99
18.63 -3.89
18.68 -3.82
18.78 -3.67
18.86 -3.62
18.93 -3.48
19.02 -3.35
19.08 -3.26
19.13 -3.14
19.16 -3.1
19.32 -3
19.36 -2.87
19.39 -2.78
19.42 -2.57
19.53 -2.49
19.56 -2.41
19.62 -2.3
19.72 -2.15
19.78 -2.08
19.81 -1.88
19.87 -1.78
19.87 -1.62
19.93 -1.58
19.97 -1.37
19.99 -1.33
20.06 -1.12
20.09 -1.04
20.08 -0.86
20.06 -0.74
20.08 -0.68
20.16 -0.53
20.12 -0.35
20.16 -0.24
20.19 -0.14
21.25 0.04
21.22 0.13
21.23 0.23
21.22 0.38
21.25 0.58
21.17 0.66
21.21 0.78
21.14 1
21.11 1.14
21.09 1.24
21.03 1.37
21 1.51
20.95 1.6
20.95 1.74
20.88 1.88
20.86 1.98
20.78 2.18
20.8 2.29
20.71 2.42
20.62 2.54
20.6 2.62
20.5 2.76
20.41 2.83
20.35 3.01
20.31 3.09
20.22 3.2
20.13 3.33
20.05 3.42
19.99 3.56
19.89 3.7
19.86 3.78
19.81 3.86
19.69 3.96
19.57 4.11
19.46 4.19
19.45 4.28
19.26 4.47
19.21 4.49
19.13 4.62
19.01 4.67
18.92 4.77
18.85 4.88
18.75 5
18.61 5.14
18.54 5.21
18.42 5.28
18.3 5.41
18.18 5.41
18.14 5.51
18.05 5.61
17.95 5.71
17.84 5.76
17.7 5.87
17.54 5.96
17.51 6.09
17.36 6.17
17.21 6.2
17.1 6.3
16.98 6.38
16.84 6.4
16.8 6.47
16.63 6.57
16.56 6.61
16.41 6.69
16.32 6.81
16.17 6.85
16.09 6.97
15.91 7.03
15.8 7.05
15.75 7.11
15.59 7.19
15.5 7.29
15.35 7.35
15.22 7.37
15.09 7.49
14.96 7.57
14.85 7.61
14.78 7.67
14.57 7.71
14.49 7.72
14.4 7.8
14.27 7.92
14.14 7.88
13.98 7.99
13.86 8.09
13.76 8.08
13.64 8.14
13.45 8.25
13.38 8.28
13.28 8.3
13.13 8.32
12.97 8.37
12.83 8.41
12.68 8.49
12.62 8.57
12.44 8.64
12.32 8.6
12.18 8.68
12.05 8.75
11.97 8.76
11.82 8.84
11.69 8.87
11.53 8.94
11.4 8.94
11.26 8.98
11.19 9.05
10.99 9.11
10.94 9.16
10.78 9.13
10.63 9.22
10.51 9.26
10.35 9.32
10.27 9.29
10.09 9.37
9.98 9.37
9.83 9.42
9.66 9.45
9.63 9.44
9.49 9.5
9.3 9.54
9.16 9.61
9.02 9.58
8.96 9.61
8.76 9.66
8.65 9.67
8.5 9.78
8.42 9.71
8.2 9.83
8.15 9.79
7.93 9.86
7.86 9.91
7.72 9.93
7.6 9.96
7.4 9.94
7.29 10.01
7.2 9.99
6.99 10.02
6.9 10.06
6.72 10.08
6.66 10.04
6.49 10.07
6.36 10.18
6.21 10.15
6.13 10.17
5.96 10.19
5.77 10.17
5.65 10.26
5.58 10.27
5.35 10.25
5.26 10.3
5.18 10.35
5.01 10.33
4.87 10.29
4.72 10.36
4.59 10.42
4.43 10.35
4.31 10.43
4.22 10.43
4.04 10.43
3.92 10.46
3.72 10.4
3.62 10.42
3.51 10.47
3.36 10.47
3.21 10.45
3.06 10.48
2.94 10.49
2.86 10.55
2.7 10.51
2.5 10.57
2.4 10.51
2.26 10.52
2.16 10.58
2.02 10.56
1.81 10.54
1.68 10.63
1.6 10.61
1.42 10.63
1.26 10.63
1.16 10.56
0.99 10.64
0.86 10.59
0.71 10.58
0.65 10.64
0.47 10.58
0.31 10.6
0.24 10.64
0.04 10.59
-0.1 10.66
-0.16 10.62
-0.3 10.63
-0.46 10.66
-0.66 10.6
-0.73 10.57
-0.86 10.63
-1.07 10.56
-1.18 10.61
-1.29 10.59
-1.42 10.58
-1.57 10.56
-1.67 10.62
-1.86 10.55
-1.99 10.54
-2.13 10.56
-2.27 10.56
-2.39 10.58
-2.49 10.52
-2.68 10.58
-2.8 10.52
-2.99 10.47
-3.1 10.49
-3.25 10.52
-3.4 10.53
-3.48 10.52
-3.59 10.51
-3.81 10.43
-3.9 10.46
-4.09 10.41
-4.2 10.44
-4.3 10.38
-4.43 10.37
-4.63 10.39
-4.7 10.33
-4.87 10.39
-5.04 10.33
-5.1 10.31
-5.31 10.34
-5.4 10.29
-5.56 10.29
-5.63 10.21
-5.8 10.2
-5.92 10.19
-6.12 10.18
-6.19 10.18
-6.4 10.15
-6.49 10.13
-6.66 10.07
-6.73 10.04
-6.92 10.03
-7.08 10.05
-7.21 9.99
-7.25 10
-7.46 9.91
-7.56 9.96
-7.7 9.87
-7.87 9.82
-7.98 9.85
-8.1 9.79
-8.23 9.75
-8.39 9.78
-8.5 9.77
-8.67 9.7
-8.78 9.64
-8.87 9.65
-9.02 9.58
-9.16 9.62
-9.34 9.51
-9.43 9.56
-9.62 9.47
-9.68 9.4
-9.86 9.43
-9.94 9.42
-10.08 9.32
-10.24 9.35
-10.38 9.27
-10.46 9.19
-10.66 9.21
-10.73 9.18
-10.93 9.09
-11.02 9.1
-11.14 9.04
-11.34 8.98
-11.46 8.93
-11.52 8.87
-11.67 8.88
-11.78 8.87
-11.95 8.73
-12.05 8.7
-12.24 8.67
-12.34 8.67
-12.47 8.59
-12.57 8.59
-12.68 8.49
-12.87 8.47
-13 8.43
-13.09 8.38
-13.21 8.27
-13.32 8.26
-13.53 8.15
-13.66 8.19
-13.78 8.07
-13.85 8.01
-13.99 8.01
-14.12 7.89
-14.29 7.92
-14.38 7.79
-14.48 7.79
-14.58 7.69
-14.75 7.65
-14.9 7.57
-15 7.51
-15.07 7.48
-15.19 7.39
-15.36 7.29
-15.44 7.32
-15.61 7.19
-15.75 7.18
-15.82 7.1
-15.93 6.99
-16.09 6.95
-16.22 6.83
-16.34 6.83
-16.44 6.77
-16.53 6.63
-16.67 6.57
-16.81 6.53
-16.94 6.48
-17 6.39
-17.08 6.33
-17.19 6.21
-17.36 6.12
-17.46 6.07
-17.56 6
-17.73 5.9
-17.77 5.85
-17.87 5.68
-18.03 5.6
-18.1 5.52
-18.21 5.47
-18.29 5.37
-18.45 5.32
-18.52 5.15
-18.63 5.14
-18.72 4.98
-18.86 4.95
-18.89 4.83
-19.02 4.74
-19.11 4.61
-19.26 4.53
-19.32 4.39
-19.37 4.33
-19.49 4.17
-19.61 4.14
-19.7 4.01
-19.74 3.88
-19.8 3.82
-19.89 3.68
-20.03 3.54
-20.05 3.43
-20.13 3.38
-20.19 3.23
-20.28 3.11
-20.38 3.04
-20.46 2.89
-20.53 2.72
-20.55 2.6
-20.66 2.48
-20.67 2.36
-20.76 2.24
-20.83 2.16
-20.85 2.03
-20.86 1.84
-20.93 1.7
-21.04 1.67
-21.03 1.45
-21.03 1.4
-21.12 1.23
-21.16 1.07
-21.12 0.98
-21.2 0.78
-21.18 0.7
-21.26 0.52
-21.26 0.43
-21.25 0.25
-21.24 0.13
-21.2 -0.01
-21.2 -0.09
-21.26 -0.31
-21.21 -0.39
-21.25 -0.59
-21.21 -0.66
-21.22 -0.81
-21.19 -0.99
-21.17 -1.12
-21.08 -1.23
-21.09 -1.34
-21.02 -1.53
-21 -1.61
-20.93 -1.77
-20.9 -1.86
-20.86 -2.01
-20.83 -2.11
-20.8 -2.28
-20.66 -2.41
-20.59 -2.55
-20.55 -2.61
-20.49 -2.74
-20.44 -2.87
-20.35 -3.01
-20.33 -3.14
-20.21 -3.25
-20.2 -3.3
-20.07 -3.47
-19.98 -3.61
-19.91 -3.7
-19.85 -3.8
-19.73 -3.9
-19.66 -4.05
-19.62 -4.12
-19.54 -4.2
-19.36 -4.27
-19.29 -4.47
-19.24 -4.56
-19.15 -4.64
-19.06 -4.73
-18.94 -4.77
-18.84 -4.88
-18.69 -5
-18.61 -5.12
-18.54 -5.23
-18.47 -5.29
-18.28 -5.38
-18.26 -5.41
-18.16 -5.52
-18 -5.65
-17.94 -5.74
-17.81 -5.85
-17.65 -5.91
-17.61 -5.99
-17.46 -6.09
-17.37 -6.08
-17.28 -6.22
-17.13 -6.27
-17.04 -6.34
-16.93 -6.44
-16.74 -6.54
-16.68 -6.6
-16.53 -6.71
-16.4 -6.73
-16.32 -6.83
-16.23 -6.87
-16.03 -6.98
-15.93 -7.01
-15.86 -7.06
-15.73 -7.17
-15.63 -7.2
-15.46 -7.32
-15.34 -7.32
-15.24 -7.41
-15.09 -7.45
-14.96 -7.55
-14.89 -7.55
-14.79 -7.63
-14.64 -7.67
-14.53 -7.79
-14.4 -7.84
-14.28 -7.92
-14.1 -7.94
-13.95 -8.02
-13.83 -8.04
-13.79 -8.09
-13.58 -8.18
-13.48 -8.18
-13.39 -8.23
-13.28 -8.29
-13.14 -8.31
-12.97 -8.42
-12.87 -8.46
-12.73 -8.54
-12.61 -8.54
-12.49 -8.65
-12.38 -8.62
-12.18 -8.72
-12.12 -8.73
-11.98 -8.79
-11.87 -8.78
-11.67 -8.88
-11.6 -8.92
-11.45 -8.91
-11.34 -9
-11.17 -8.99
-11 -9.11
-10.87 -9.1
-10.81 -9.11
-10.6 -9.2
-10.48 -9.19
-10.35 -9.26
-10.19 -9.3
-10.15 -9.33
-10.03 -9.34
-9.81 -9.39
-9.69 -9.45
-9.55 -9.5
-9.47 -9.54
-9.29 -9.54
-9.15 -9.61
-9.04 -9.58
-8.88 -9.66
-8.74 -9.64
-8.62 -9.66
-8.56 -9.71
-8.38 -9.74
-8.27 -9.82
-8.13 -9.78
-7.93 -9.83
-7.82 -9.85
-7.71 -9.91
-7.58 -9.9
-7.48 -9.95
-7.26 -9.98
-7.16 -10.02
-7.06 -10.03
-6.92 -10.05
-6.73 -10.06
-6.64 -10.05
-6.52 -10.11
-6.33 -10.18
-6.23 -10.14
-6.04 -10.18
-6 -10.17
-5.85 -10.21
-5.68 -10.19
-5.56 -10.24
-5.39 -10.26
-5.26 -10.29
-5.15 -10.32
-4.95 -10.35
-4.82 -10.32
-4.68 -10.36
-4.6 -10.37
-4.42 -10.39
-4.29 -10.41
-4.14 -10.38
-4.07 -10.44
-3.94 -10.49
-3.72 -10.5
-3.62 -10.47
-3.49 -10.44
-3.32 -10.5
-3.23 -10.47
-3.04 -10.53
-2.95 -10.48
-2.8 -10.54
-2.63 -10.54
-2.59 -10.58
-2.43 -10.56
-2.24 -10.58
-2.15 -10.52
-1.99 -10.62
-1.86 -10.56
-1.76 -10.63
-1.56 -10.6
-1.46 -10.55
-1.34 -10.61
-1.17 -10.57
-1.07 -10.6
-0.93 -10.63
-0.77 -10.64
-0.62 -10.65
-0.53 -10.66
-0.34 -10.6
-0.22 -10.66
-0.02 -10.61
0.03 -10.63
0.19 -10.6
0.37 -10.64
0.51 -10.64
0.63 -10.64
0.71 -10.58
0.87 -10.57
0.98 -10.6
1.21 -10.58
1.32 -10.62
1.44 -10.62
1.56 -10.57
1.75 -10.61
1.9 -10.55
2 -10.58
2.17 -10.53
2.31 -10.52
2.35 -10.58
2.49 -10.54
2.66 -10.56
2.85 -10.5
3 -10.55
3.05 -10.48
3.26 -10.52
3.34 -10.44
3.5 -10.49
3.65 -10.43
3.72 -10.45
3.93 -10.39
4 -10.46
4.2 -10.38
4.29 -10.41
4.49 -10.36
4.6 -10.39
4.76 -10.32
4.89 -10.36
5.04 -10.28
5.14 -10.32
5.3 -10.31
5.36 -10.31
5.55 -10.23
5.72 -10.26
5.82 -10.25
5.92 -10.17
6.07 -10.14
6.19 -10.13
6.32 -10.09
6.47 -10.06
6.6 -10.1
6.73 -10.06
6.93 -10.07
6.99 -10.01
7.14 -9.95
7.27 -9.95
7.44 -9.91
7.54 -9.89
7.68 -9.91
7.8 -9.85
7.94 -9.86
8.12 -9.85
8.22 -9.74
8.38 -9.79
8.49 -9.78
8.61 -9.75
8.83 -9.69
8.95 -9.65
9.06 -9.59
9.13 -9.53
9.33 -9.59
9.49 -9.56
9.61 -9.51
9.67 -9.45
9.82 -9.42
10 -9.39
10.1 -9.32
10.23 -9.31
10.41 -9.22
10.48 -9.19
10.68 -9.22
10.72 -9.17
10.88 -9.14
11.03 -9.06
11.2 -9.04
11.34 -9
11.38 -8.99
11.54 -8.86
11.71 -8.82
11.78 -8.85
11.95 -8.83
12.05 -8.7
12.21 -8.69
12.37 -8.67
12.51 -8.58
12.56 -8.56
12.74 -8.46
12.85 -8.49
12.95 -8.36
13.13 -8.36
13.2 -8.26
13.34 -8.23
13.52 -8.21
13.64 -8.18
13.74 -8.12
13.89 -8
14.02 -8.02
14.1 -7.98
14.2 -7.92
14.35 -7.85
14.48 -7.79
14.59 -7.68
14.73 -7.69
14.86 -7.56
15 -7.52
15.16 -7.48
15.23 -7.44
15.34 -7.31
15.51 -7.22
15.61 -7.24
15.74 -7.15
15.83 -7.09
15.93 -7.03
16.1 -6.94
16.23 -6.89
16.29 -6.84
16.46 -6.72
16.53 -6.62
16.66 -6.59
16.82 -6.49
16.9 -6.44
17.01 -6.39
17.13 -6.33
17.19 -6.22
17.37 -6.16
17.49 -6.06
17.53 -5.96
17.64 -5.86
17.75 -5.79
17.85 -5.68
17.96 -5.62
18.1 -5.57
18.17 -5.46
18.28 -5.37
18.38 -5.26
18.52 -5.18
18.65 -5.13
18.77 -5.02
18.86 -4.91
18.92 -4.85
19.06 -4.71
19.13 -4.67
19.21 -4.55
19.32 -4.39
19.35 -4.29
19.52 -4.24
19.62 -4.13
19.71 -4.02
19.8 -3.85
19.88 -3.81
19.97 -3.71
19.99 -3.54
20.05 -3.5
20.18 -3.3
20.27 -3.25
20.28 -3.08
20.35 -2.97
20.46 -2.83
20.48 -2.76
20.61 -2.68
20.65 -2.52
20.65 -2.39
20.76 -2.26
20.78 -2.17
20.89 -2.04
20.87 -1.91
20.97 -1.75
20.96 -1.65
21.08 -1.51
21.03 -1.35
21.05 -1.24
21.14 -1.09
21.13 -0.91
21.14 -0.83
21.19 -0.67
21.22 -0.58
21.22 -0.46
21.27 -0.3
21.21 -0.12
22.31 -0.01
22.34 0.14
22.27 0.3
22.3 0.46
22.29 0.6
22.28 0.74
22.27 0.84
22.27 1.03
22.18 1.19
22.19 1.31
22.16 1.46
22.14 1.6
22.03 1.71
22.04 1.81
21.92 2
21.9 2.15
21.91 2.26
21.83 2.36
21.77 2.52
21.66 2.63
21.6 2.77
21.58 2.92
21.52 3.03
21.44 3.12
21.34 3.25
21.29 3.39
21.2 3.48
21.09 3.62
21.03 3.72
20.96 3.91
20.88 4.02
20.71 4.06
20.64 4.2
20.53 4.37
20.44 4.4
20.38 4.53
20.26 4.7
20.23 4.71
20.12 4.88
19.98 4.93
19.86 5.05
19.83 5.15
19.67 5.3
19.56 5.32
19.47 5.49
19.35 5.56
19.2 5.62
19.16 5.74
19.02 5.83
18.91 5.92
18.82 5.99
18.65 6.08
18.6 6.22
18.42 6.31
18.39 6.34
18.26 6.41
18.14 6.51
17.99 6.57
17.91 6.72
17.73 6.8
17.59 6.8
17.51 6.88
17.37 7.05
17.3 7.07
17.09 7.12
16.99 7.17
16.94 7.34
16.82 7.39
16.63 7.47
16.56 7.49
16.43 7.55
16.29 7.65
16.14 7.74
16.05 7.74
15.9 7.85
15.73 7.96
15.57 7.99
15.5 8.06
15.38 8.11
15.26 8.12
15.14 8.19
15.01 8.27
14.82 8.38
14.76 8.38
14.55 8.43
14.46 8.52
14.33 8.53
14.14 8.63
14.04 8.68
13.89 8.74
13.76 8.73
13.63 8.82
13.53 8.89
13.36 8.91
13.27 8.99
13.14 9.02
12.93 9.08
12.79 9.14
12.71 9.15
12.56 9.28
12.43 9.29
12.29 9.33
12.18 9.37
12.03 9.43
11.91 9.49
11.73 9.5
11.59 9.51
11.48 9.54
11.28 9.66
11.17 9.65
11.09 9.68
10.9 9.74
10.75 9.76
10.65 9.77
10.47 9.83
10.31 9.91
10.16 9.88
10.07 10
9.94 10.04
9.75 10
9.61 10.03
9.52 10.09
9.35 10.12
9.24 10.15
9.07 10.2
8.97 10.2
8.81 10.23
8.64 10.26
8.56 10.28
8.39 10.3
8.22 10.33
8.06 10.42
7.93 10.41
7.78 10.46
7.62 10.53
7.5 10.46
7.42 10.5
7.24 10.6
7.15 10.62
6.92 10.57
6.84 10.6
6.65 10.66
6.56 10.64
6.39 10.73
6.22 10.76
6.14 10.75
5.98 10.76
5.79 10.78
5.72 10.75
5.53 10.84
5.43 10.83
5.22 10.86
5.06 10.85
4.97 10.84
4.82 10.89
4.69 10.87
4.49 10.92
4.36 10.91
4.21 10.98
4.07 11
4 11.01
3.79 10.96
3.64 10.99
3.52 11.06
3.35 11.01
3.25 11.09
3.12 11.01
2.95 11.05
2.77 11.05
2.65 11.04
2.52 11.05
2.42 11.1
2.23 11.14
2.12 11.08
1.93 11.07
1.79 11.11
1.61 11.12
1.52 11.17
1.4 11.15
1.18 11.13
1.12 11.13
0.96 11.18
0.83 11.2
0.6 11.18
0.49 11.2
0.32 11.13
0.23 11.14
0.11 11.17
-0.07 11.2
-0.23 11.21
-0.31 11.2
-0.54 11.2
-0.6 11.15
-0.82 11.18
-0.93 11.15
-1.05 11.18
-1.25 11.14
-1.39 11.14
-1.56 11.12
-1.69 11.17
-1.84 11.09
-1.98 11.11
-2.07 11.06
-2.2 11.1
-2.33 11.06
-2.52 11.12
-2.64 11.13
-2.79 11.05
-2.95 11.09
-3.08 11.03
-3.28 10.99
-3.36 11.08
-3.51 10.98
-3.69 11.04
-3.84 10.99
-3.93 11
-4.06 10.97
-4.27 10.96
-4.44 10.99
-4.56 10.94
-4.66 10.95
-4.86 10.91
-4.98 10.91
-5.11 10.91
-5.28 10.86
-5.41 10.8
-5.52 10.83
-5.66 10.8
-5.84 10.77
-6 10.73
-6.11 10.77
-6.27 10.72
-6.39 10.74
-6.57 10.72
-6.72 10.67
-6.87 10.6
-6.93 10.59
-7.15 10.57
-7.27 10.6
-7.39 10.51
-7.5 10.54
-7.68 10.47
-7.82 10.41
-7.98 10.44
-8.08 10.41
-8.25 10.41
-8.34 10.32
-8.5 10.3
-8.65 10.31
-8.75 10.26
-8.96 10.23
-9.06 10.15
-9.21 10.16
-9.35 10.09
-9.5 10.14
-9.65 10.07
-9.74 10.05
-9.9 10.02
-10.1 9.97
-10.23 9.88
-10.3 9.85
-10.44 9.82
-10.67 9.86
-10.8 9.79
-10.94 9.7
-10.99 9.65
-11.17 9.69
-11.34 9.59
-11.46 9.59
-11.63 9.57
-11.73 9.47
-11.9 9.41
-12.03 9.41
-12.19 9.33
-12.23 9.31
-12.45 9.28
-12.57 9.23
-12.73 9.19
-12.82 9.16
-12.98 9.04
-13.12 9.06
-13.28 8.98
-13.33 8.97
-13.51 8.84
-13.64 8.85
-13.81 8.76
-13.91 8.68
-14.08 8.65
-14.13 8.64
-14.29 8.57
-14.43 8.48
-14.56 8.49
-14.74 8.43
-14.85 8.31
-15.01 8.29
-15.08 8.21
-15.25 8.19
-15.4 8.07
-15.48 8.07
-15.58 7.97
-15.74 7.86
-15.85 7.81
-16.05 7.8
-16.1 7.67
-16.25 7.64
-16.36 7.55
-16.48 7.46
-16.69 7.41
-16.74 7.33
-16.93 7.28
-17.05 7.18
-17.11 7.19
-17.3 7.06
-17.42 7.04
-17.48 6.95
-17.62 6.84
-17.74 6.76
-17.91 6.69
-18.02 6.62
-18.09 6.52
-18.28 6.45
-18.31 6.4
-18.41 6.3
-18.6 6.2
-18.72 6.11
-18.83 6.05
-18.87 5.9
-19.02 5.84
-19.15 5.74
-19.26 5.64
-19.34 5.51
-19.47 5.49
-19.61 5.38
-19.68 5.25
-19.81 5.17
-19.86 5.04
-20.03 4.98
-20.09 4.87
-20.19 4.74
-20.26 4.65
-20.4 4.54
-20.51 4.47
-20.61 4.3
-20.65 4.25
-20.73 4.1
-20.83 4
-20.93 3.92
-20.99 3.8
-21.07 3.62
-21.2 3.5
-21.24 3.36
-21.32 3.32
-21.42 3.16
-21.47 3.06
-21.53 2.88
-21.58 2.78
-21.68 2.62
-21.75 2.48
-21.78 2.42
-21.9 2.22
-21.87 2.12
-21.93 1.99
-22.04 1.87
-22.02 1.7
-22.1 1.57
-22.16 1.47
-22.21 1.29
-22.22 1.16
-22.26 1.04
-22.22 0.89
-22.3 0.76
-22.26 0.54
-22.27 0.47
-22.31 0.25
-22.29 0.14
-22.36 -0.02
-22.36 -0.1
-22.27 -0.31
-22.29 -0.43
-22.33 -0.54
-22.28 -0.69
-22.25 -0.83
-22.25 -1
-22.17 -1.1
-22.18 -1.27
-22.1 -1.44
-22.14 -1.52
-22.06 -1.68
-22 -1.81
-21.94 -2
-21.93 -2.15
-21.87 -2.28
-21.83 -2.35
-21.76 -2.47
-21.71 -2.65
-21.67 -2.74
-21.51 -2.92
-21.53 -3.07
-21.43 -3.14
-21.38 -3.26
-21.26 -3.4
-21.19 -3.5
-21.11 -3.67
-20.98 -3.75
-20.97 -3.88
-20.88 -3.99
-20.78 -4.07
-20.63 -4.18
-20.56 -4.36
-20.53 -4.38
-20.35 -4.5
-20.32 -4.67
-20.19 -4.73
-20.15 -4.83
-20 -4.96
-19.85 -5.02
-19.79 -5.14
-19.68 -5.26
-19.56 -5.38
-19.47 -5.42
-19.41 -5.54
-19.26 -5.63
-19.18 -5.77
-19.03 -5.86
-18.95 -5.9
-18.8 -6.01
-18.72 -6.06
-18.53 -6.14
-18.51 -6.24
-18.3 -6.34
-18.19 -6.47
-18.1 -6.53
-17.98 -6.56
-17.83 -6.69
-17.8 -6.8
-17.63 -6.87
-17.53 -6.89
-17.38 -7.04
-17.26 -7.08
-17.14 -7.14
-17.04 -7.18
-16.93 -7.31
-16.77 -7.32
-16.68 -7.48
-16.49 -7.51
-16.39 -7.59
-16.3 -7.64
-16.13 -7.75
-16.01 -7.82
-15.87 -7.79
-15.79 -7.89
-15.58 -7.96
-15.49 -8
-15.39 -8.09
-15.26 -8.15
-15.06 -8.19
-14.94 -8.25
-14.87 -8.34
-14.68 -8.4
-14.56 -8.44
-14.4 -8.53
-14.33 -8.53
-14.19 -8.58
-14.01 -8.71
-13.89 -8.76
-13.76 -8.78
-13.63 -8.82
-13.52 -8.93
-13.37 -8.91
-13.26 -9.02
-13.09 -9.05
-13 -9.11
-12.81 -9.1
-12.64 -9.2
-12.55 -9.19
-12.37 -9.32
-12.25 -9.3
-12.1 -9.36
-12.04 -9.37
-11.9 -9.42
-11.73 -9.47
-11.58 -9.5
-11.42 -9.54
-11.33 -9.67
-11.19 -9.65
-11.01 -9.67
-10.93 -9.7
-10.72 -9.8
-10.6 -9.79
-10.45 -9.87
-10.31 -9.86
-10.19 -9.9
-10.02 -10
-9.94 -9.98
-9.77 -10.01
-9.64 -10.02
-9.48 -10.09
-9.39 -10.14
-9.22 -10.12
-9.05 -10.18
-8.91 -10.24
-8.82 -10.28
-8.61 -10.28
-8.51 -10.3
-8.42 -10.33
-8.24 -10.38
-8.05 -10.39
-7.99 -10.43
-7.85 -10.42
-7.71 -10.48
-7.56 -10.54
-7.42 -10.52
-7.22 -10.56
-7.14 -10.55
-6.96 -10.57
-6.85 -10.63
-6.7 -10.69
-6.5 -10.66
-6.43 -10.74
-6.2 -10.75
-6.15 -10.75
-5.97 -10.75
-5.77 -10.73
-5.64 -10.83
-5.57 -10.8
-5.35 -10.81
-5.25 -10.88
-5.06 -10.87
-4.97 -10.85
-4.81 -10.89
-4.72 -10.88
-4.58 -10.91
-4.36 -10.97
-4.27 -10.99
-4.12 -11.02
-4 -11.02
-3.84 -10.95
-3.68 -11.03
-3.49 -10.99
-3.42 -11.06
-3.23 -11
-3.1 -11.09
-2.98 -11.06
-2.78 -11.03
-2.7 -11.1
-2.53 -11.12
-2.36 -11.07
-2.23 -11.12
-2.12 -11.1
-1.99 -11.11
-1.78 -11.17
-1.66 -11.14
-1.48 -11.11
-1.42 -11.13
-1.25 -11.16
-1.1 -11.16
-0.93 -11.18
-0.79 -11.12
-0.63 -11.17
-0.55 -11.13
-0.41 -11.16
-0.22 -11.21
-0.11 -11.2
0.09 -11.14
0.18 -11.2
0.34 -11.11
0.54 -11.13
0.63 -11.11
0.83 -11.14
0.98 -11.2
1.08 -11.19
1.24 -11.18
1.35 -11.12
1.55 -11.09
1.65 -11.14
1.82 -11.11
1.96 -11.12
2.14 -11.07
2.26 -11.07
2.36 -11.06
2.5 -11.09
2.7 -11.06
2.78 -11.04
2.95 -11.09
3.06 -11.07
3.2 -11.07
3.42 -11.03
3.57 -11
3.69 -11
3.85 -11.01
3.97 -10.96
4.08 -10.92
4.2 -10.96
4.43 -10.94
4.54 -10.9
4.63 -10.96
4.84 -10.85
4.96 -10.89
5.07 -10.88
5.29 -10.88
5.41 -10.84
5.54 -10.86
5.71 -10.8
5.83 -10.81
6 -10.76
6.08 -10.72
6.27 -10.75
6.44 -10.73
6.57 -10.71
6.63 -10.64
6.82 -10.64
6.93 -10.6
7.06 -10.61
7.25 -10.52
7.44 -10.56
7.56 -10.55
7.68 -10.52
7.81 -10.43
7.99 -10.4
8.13 -10.38
8.24 -10.36
8.37 -10.39
8.51 -10.31
8.67 -10.33
8.81 -10.25
8.98 -10.2
9.09 -10.21
9.25 -10.13
9.37 -10.1
9.49 -10.14
9.66 -10.08
9.75 -10.06
9.9 -10.03
10.05 -9.95
10.24 -9.95
10.36 -9.87
10.49 -9.86
10.66 -9.82
10.73 -9.82
10.9 -9.73
11.05 -9.73
11.22 -9.68
11.3 -9.59
11.49 -9.59
11.62 -9.49
11.7 -9.54
11.88 -9.49
12.04 -9.45
12.1 -9.32
12.27 -9.34
12.47 -9.26
12.52 -9.23
12.65 -9.15
12.88 -9.09
12.94 -9.1
13.12 -9.08
13.21 -9.04
13.37 -8.98
13.55 -8.88
13.68 -8.84
13.77 -8.83
13.93 -8.71
14 -8.67
14.18 -8.62
14.26 -8.59
14.42 -8.54
14.59 -8.41
14.71 -8.38
14.79 -8.29
14.98 -8.24
15.07 -8.18
15.2 -8.19
15.31 -8.06
15.51 -8.05
15.65 -7.95
15.75 -7.94
15.85 -7.86
16.04 -7.74
16.11 -7.71
16.23 -7.6
16.36 -7.6
16.51 -7.47
16.62 -7.43
16.77 -7.32
16.92 -7.33
16.99 -7.24
17.16 -7.16
17.24 -7.03
17.34 -7
17.54 -6.92
17.59 -6.79
17.75 -6.72
17.86 -6.71
18.02 -6.64
18.11 -6.54
18.24 -6.48
18.37 -6.37
18.47 -6.31
18.56 -6.21
18.71 -6.1
18.85 -6.02
18.89 -5.9
19.05 -5.8
19.12 -5.72
19.21 -5.66
19.38 -5.58
19.43 -5.43
19.57 -5.36
19.69 -5.3
19.77 -5.18
19.92 -5.09
20.02 -4.99
20.1 -4.87
20.19 -4.75
20.26 -4.66
20.39 -4.51
20.48 -4.42
20.61 -4.34
20.71 -4.23
20.74 -4.08
20.86 -3.96
20.93 -3.82
21.05 -3.76
21.12 -3.6
21.17 -3.56
21.22 -3.43
21.31 -3.28
21.42 -3.16
21.46 -3.04
21.51 -2.91
21.64 -2.81
21.67 -2.65
21.77 -2.54
21.79 -2.35
21.87 -2.21
21.95 -2.09
21.95 -1.96
22.03 -1.85
22.03 -1.69
22.06 -1.53
22.1 -1.46
22.17 -1.27
22.18 -1.11
22.2 -0.98
22.29 -0.85
22.29 -0.72
22.31 -0.56
22.33 -0.47
22.28 -0.24
22.31 -0.12
23.37 0.05
23.43 0.11
23.39 0.33
23.42 0.46
23.35 0.58
23.35 0.77
23.34 0.92
23.33 1.04
23.25 1.21
23.28 1.33
23.21 1.47
23.13 1.68
23.09 1.79
23.13 1.89
23.03 2.06
23.02 2.21
22.88 2.31
22.9 2.53
22.78 2.66
22.69 2.81
22.63 2.92
22.63 3.01
22.49 3.13
22.4 3.28
22.42 3.43
22.3 3.61
22.16 3.72
22.16 3.8
22.01 3.94
21.91 4.1
21.84 4.17
21.76 4.27
21.72 4.4
21.54 4.53
21.47 4.67
21.36 4.77
21.23 4.91
21.16 4.95
21.1 5.08
20.93 5.17
20.9 5.35
20.72 5.41
20.67 5.47
20.52 5.6
20.42 5.75
20.3 5.81
20.18 5.9
20.11 6.02
19.97 6.12
19.79 6.16
19.75 6.29
19.62 6.34
19.49 6.48
19.38 6.56
19.2 6.63
19.14 6.76
19.01 6.82
18.87 6.96
18.71 7.01
18.61 7.05
18.44 7.19
18.39 7.21
18.23 7.3
18.14 7.43
17.96 7.51
17.86 7.61
17.67 7.63
17.61 7.7
17.4 7.76
17.3 7.84
17.16 7.9
17.02 8.04
16.95 8.1
16.82 8.18
16.68 8.27
16.56 8.25
16.42 8.32
16.21 8.41
16.11 8.53
16.01 8.55
15.87 8.6
15.72 8.72
15.61 8.73
15.4 8.81
15.27 8.91
15.11 8.93
15 8.95
14.86 9.07
14.68 9.11
14.54 9.13
14.48 9.22
14.32 9.25
14.12 9.32
14.02 9.37
13.87 9.4
13.69 9.45
13.55 9.53
13.5 9.54
13.32 9.67
13.13 9.66
12.99 9.72
12.91 9.73
12.78 9.78
12.58 9.89
12.44 9.91
12.34 9.97
12.14 9.97
12.04 10.04
11.88 10.09
11.73 10.16
11.56 10.17
11.47 10.19
11.31 10.25
11.11 10.29
10.97 10.31
10.84 10.38
10.67 10.4
10.56 10.44
10.45 10.48
10.31 10.51
10.1 10.53
10.01 10.57
9.86 10.59
9.71 10.64
9.54 10.65
9.41 10.75
9.23 10.8
9.09 10.82
8.94 10.79
8.78 10.83
8.6 10.84
8.45 10.92
8.38 10.97
8.21 11.01
8.04 10.96
7.88 10.98
7.74 11.02
7.57 11.1
7.41 11.13
7.29 11.1
7.15 11.18
6.98 11.13
6.87 11.21
6.68 11.2
6.59 11.19
6.39 11.23
6.27 11.23
6.11 11.33
5.98 11.36
5.77 11.38
5.62 11.32
5.53 11.42
5.36 11.38
5.22 11.38
5.06 11.46
4.95 11.43
4.73 11.5
4.59 11.44
4.45 11.53
4.25 11.51
4.12 11.53
4.03 11.5
3.81 11.5
3.69 11.54
3.59 11.53
3.36 11.59
3.2 11.55
3.13 11.55
2.98 11.57
2.8 11.64
2.65 11.64
2.47 11.62
2.3 11.63
2.19 11.66
2.09 11.65
1.88 11.69
1.74 11.69
1.57 11.67
1.48 11.67
1.24 11.67
1.13 11.65
0.96 11.71
0.87 11.65
0.71 11.65
0.55 11.7
0.39 11.72
0.26 11.73
0.08 11.66
-0.1 11.69
-0.21 11.69
-0.39 11.65
-0.49 11.65
-0.67 11.68
-0.85 11.72
-0.98 11.69
-1.09 11.66
-1.28 11.64
-1.43 11.63
-1.62 11.71
-1.71 11.62
-1.89 11.7
-2.06 11.62
-2.23 11.69
-2.35 11.63
-2.46 11.59
-2.63 11.63
-2.83 11.63
-2.92 11.58
-3.05 11.56
-3.2 11.56
-3.37 11.53
-3.59 11.56
-3.7 11.57
-3.9 11.54
-4 11.49
-4.14 11.5
-4.27 11.47
-4.44 11.45
-4.56 11.51
-4.76 11.45
-4.9 11.48
-5.02 11.47
-5.18 11.39
-5.34 11.42
-5.53 11.41
-5.62 11.35
-5.79 11.37
-5.95 11.28
-6.12 11.3
-6.24 11.32
-6.38 11.3
-6.58 11.24
-6.69 11.22
-6.84 11.16
-7.02 11.17
-7.19 11.19
-7.28 11.09
-7.45 11.12
-7.62 11.06
-7.72 11.01
-7.92 11.01
-8.04 10.97
-8.21 10.97
-8.37 10.98
-8.48 10.86
-8.66 10.88
-8.77 10.82
-8.98 10.77
-9.1 10.74
-9.21 10.73
-9.38 10.73
-9.51 10.65
-9.68 10.63
-9.82 10.67
-9.98 10.59
-10.14 10.54
-10.25 10.49
-10.45 10.51
-10.53 10.45
-10.74 10.39
-10.87 10.33
-10.97 10.3
-11.1 10.28
-11.25 10.3
-11.38 10.17
-11.6 10.12
-11.75 10.08
-11.84 10.12
-12.05 10.05
-12.16 10
-12.27 9.94
-12.4 9.93
-12.63 9.86
-12.71 9.78
-12.83 9.72
-13.03 9.68
-13.13 9.63
-13.31 9.63
-13.47 9.62
-13.59 9.56
-13.7 9.51
-13.83 9.42
-14.04 9.41
-14.11 9.32
-14.26 9.22
-14.4 9.18
-14.55 9.14
-14.7 9.05
-14.9 9.06
-15 9
-15.15 8.96
-15.25 8.89
-15.44 8.81
-15.51 8.78
-15.67 8.66
-15.82 8.62
-16 8.53
-16.15 8.52
-16.24 8.47
-16.34 8.33
-16.5 8.27
-16.64 8.18
-16.83 8.19
-16.95 8.13
-17.01 7.99
-17.16 7.9
-17.32 7.86
-17.48 7.75
-17.62 7.73
-17.67 7.65
-17.85 7.6
-18.02 7.46
-18.13 7.4
-18.24 7.38
-18.39 7.29
-18.47 7.19
-18.58 7.12
-18.7 6.96
-18.82 6.92
-19.03 6.84
-19.09 6.71
-19.23 6.71
-19.31 6.59
-19.46 6.5
-19.58 6.36
-19.7 6.26
-19.8 6.2
-19.94 6.06
-20.06 5.99
-20.21 5.96
-20.29 5.79
-20.44 5.68
-20.55 5.64
-20.68 5.52
-20.77 5.43
-20.81 5.32
-20.96 5.24
-21.06 5.1
-21.22 4.94
-21.31 4.88
-21.39 4.74
-21.43 4.6
-21.59 4.51
-21.71 4.41
-21.79 4.28
-21.9 4.19
-21.9 4.01
-22.07 3.97
-22.11 3.85
-22.17 3.73
-22.25 3.55
-22.35 3.46
-22.42 3.29
-22.49 3.21
-22.58 2.99
-22.68 2.86
-22.78 2.74
-22.84 2.65
-22.88 2.45
-22.95 2.33
-23 2.18
-23.02 2.11
-23.08 1.96
-23.14 1.82
-23.17 1.63
-23.21 1.53
-23.24 1.31
-23.25 1.24
-23.32 1.03
-23.29 0.95
-23.39 0.76
-23.36 0.61
-23.37 0.43
-23.38 0.29
-23.41 0.16
-23.41 -0.02
-23.36 -0.13
-23.43 -0.28
-23.39 -0.45
-23.4 -0.57
-23.3 -0.71
-23.3 -0.89
-23.31 -1.09
-23.31 -1.19
-23.25 -1.4
-23.16 -1.54
-23.22 -1.64
-23.17 -1.75
-23.1 -1.95
-23.05 -2.1
-22.93 -2.2
-22.88 -2.36
-22.86 -2.54
-22.78 -2.65
-22.74 -2.77
-22.63 -2.91
-22.6 -3.07
-22.54 -3.16
-22.5 -3.31
-22.34 -3.43
-22.32 -3.59
-22.25 -3.64
-22.15 -3.79
-22.08 -3.95
-21.98 -4.05
-21.86 -4.15
-21.72 -4.25
-21.69 -4.4
-21.58 -4.55
-21.43 -4.66
-21.42 -4.81
-21.3 -4.83
-21.14 -5.03
-21.08 -5.07
-20.93 -5.19
-20.83 -5.35
-20.73 -5.46
-20.65 -5.49
-20.53 -5.65
-20.38 -5.73
-20.26 -5.8
-20.2 -5.9
-20.05 -6.01
-20 -6.14
-19.79 -6.17
-19.69 -6.34
-19.64 -6.37
-19.45 -6.5
-19.37 -6.54
-19.28 -6.71
-19.1 -6.7
-18.95 -6.84
-18.87 -6.89
-18.7 -7
-18.61 -7.14
-18.51 -7.18
-18.35 -7.27
-18.26 -7.31
-18.13 -7.39
-17.95 -7.54
-17.86 -7.61
-17.69 -7.62
-17.53 -7.76
-17.47 -7.78
-17.35 -7.82
-17.19 -7.97
-17.07 -7.97
-16.96 -8.06
-16.76 -8.18
-16.67 -8.21
-16.54 -8.27
-16.34 -8.37
-16.23 -8.4
-16.06 -8.47
-15.94 -8.58
-15.82 -8.64
-15.69 -8.64
-15.59 -8.75
-15.39 -8.81
-15.33 -8.89
-15.11 -8.95
-14.97 -8.97
-14.89 -9.06
-14.7 -9.13
-14.6 -9.18
-14.46 -9.2
-14.3 -9.21
-14.12 -9.32
-14.02 -9.39
-13.89 -9.42
-13.72 -9.5
-13.62 -9.55
-13.49 -9.62
-13.3 -9.67
-13.12 -9.69
-13.03 -9.76
-12.88 -9.8
-12.71 -9.83
-12.57 -9.87
-12.42 -9.93
-12.27 -9.91
-12.17 -10
-11.96 -10.07
-11.88 -10.05
-11.74 -10.17
-11.58 -10.14
-11.44 -10.16
-11.24 -10.26
-11.11 -10.32
-11.02 -10.32
-10.87 -10.33
-10.69 -10.44
-10.54 -10.43
-10.37 -10.46
-10.21 -10.52
-10.07 -10.59
-9.96 -10.54
-9.81 -10.59
-9.63 -10.66
-9.52 -10.69
-9.4 -10.74
-9.2 -10.72
-9.05 -10.75
-8.92 -10.79
-8.79 -10.84
-8.64 -10.88
-8.44 -10.91
-8.39 -10.97
-8.23 -11
-8.01 -10.96
-7.92 -10.97
-7.73 -10.99
-7.62 -11.09
-7.42 -11.12
-7.31 -11.12
-7.18 -11.19
-7 -11.15
-6.8 -11.16
-6.72 -11.24
-6.59 -11.26
-6.44 -11.26
-6.26 -11.27
-6.07 -11.34
-5.93 -11.27
-5.84 -11.35
-5.67 -11.38
-5.55 -11.34
-5.36 -11.38
-5.23 -11.44
-5.06 -11.41
-4.86 -11.45
-4.77 -11.43
-4.64 -11.52
-4.41 -11.47
-4.35 -11.49
-4.14 -11.5
-4.01 -11.51
-3.89 -11.57
-3.7 -11.5
-3.59 -11.55
-3.38 -11.6
-3.21 -11.58
-3.14 -11.65
-2.91 -11.65
-2.8 -11.66
-2.67 -11.66
-2.53 -11.6
-2.38 -11.63
-2.14 -11.68
-2 -11.61
-1.92 -11.64
-1.77 -11.65
-1.6 -11.7
-1.45 -11.71
-1.27 -11.65
-1.15 -11.69
-0.94 -11.73
-0.81 -11.66
-0.63 -11.65
-0.56 -11.71
-0.37 -11.7
-0.24 -11.75
-0.11 -11.67
0.11 -11.7
0.22 -11.73
0.35 -11.66
0.51 -11.7
0.71 -11.72
0.84 -11.66
1.01 -11.73
1.12 -11.68
1.32 -11.7
1.42 -11.69
1.57 -11.68
1.69 -11.65
1.93 -11.68
2 -11.67
2.24 -11.64
2.37 -11.66
2.46 -11.59
2.61 -11.64
2.77 -11.6
2.91 -11.65
3.05 -11.55
3.28 -11.59
3.39 -11.57
3.52 -11.58
3.68 -11.51
3.84 -11.58
4.04 -11.57
4.17 -11.52
4.27 -11.52
4.5 -11.45
4.65 -11.45
4.75 -11.48
4.91 -11.49
5.07 -11.46
5.19 -11.45
5.32 -11.41
5.54 -11.36
5.69 -11.34
5.78 -11.31
5.96 -11.29
6.12 -11.27
6.28 -11.26
6.36 -11.24
6.58 -11.19
6.72 -11.2
6.85 -11.14
7.01 -11.15
7.17 -11.13
7.28 -11.14
7.47 -11.05
7.64 -11.1
7.76 -11.05
7.85 -11.05
8.02 -11.02
8.14 -11.01
8.37 -10.89
8.48 -10.9
8.63 -10.9
8.76 -10.82
8.97 -10.86
9.07 -10.76
9.2 -10.74
9.38 -10.68
9.55 -10.64
9.7 -10.63
9.84 -10.59
9.94 -10.6
10.1 -10.51
10.28 -10.51
10.38 -10.48
10.53 -10.44
10.69 -10.38
10.86 -10.36
10.95 -10.3
11.16 -10.3
11.32 -10.26
11.42 -10.17
11.54 -10.15
11.75 -10.13
11.9 -10.07
12.05 -10.01
12.13 -10.01
12.26 -9.97
12.46 -9.95
12.63 -9.87
12.69 -9.86
12.88 -9.8
13.03 -9.76
13.19 -9.71
13.35 -9.61
13.47 -9.57
13.63 -9.52
13.7 -9.44
13.86 -9.41
14.01 -9.35
14.18 -9.32
14.34 -9.24
14.46 -9.22
14.54 -9.18
14.7 -9.13
14.9 -9.08
15.03 -9.01
15.09 -8.95
15.26 -8.83
15.38 -8.8
15.53 -8.74
15.74 -8.64
15.85 -8.66
15.97 -8.55
16.14 -8.49
16.22 -8.39
16.42 -8.32
16.52 -8.28
16.61 -8.19
16.77 -8.16
16.95 -8.12
17.09 -8.03
17.22 -7.95
17.34 -7.82
17.46 -7.79
17.59 -7.72
17.74 -7.63
17.87 -7.62
17.97 -7.49
18.11 -7.41
18.26 -7.34
18.37 -7.28
18.46 -7.19
18.61 -7.12
18.72 -7
18.83 -6.97
18.99 -6.82
19.11 -6.76
19.21 -6.7
19.36 -6.58
19.44 -6.48
19.62 -6.37
19.68 -6.34
19.87 -6.16
19.92 -6.12
20.02 -6.03
20.21 -5.92
20.28 -5.83
20.42 -5.69
20.54 -5.67
20.59 -5.53
20.8 -5.39
20.81 -5.32
20.94 -5.19
21.1 -5.08
21.2 -5.03
21.24 -4.85
21.41 -4.77
21.52 -4.62
21.57 -4.56
21.67 -4.45
21.78 -4.27
21.86 -4.19
21.97 -4.03
22.05 -3.93
22.12 -3.76
22.24 -3.66
22.27 -3.53
22.39 -3.46
22.42 -3.34
22.5 -3.2
22.64 -3.07
22.7 -2.94
22.75 -2.79
22.78 -2.68
22.88 -2.45
22.9 -2.31
22.93 -2.23
23.02 -2.08
23.1 -1.95
23.1 -1.8
23.12 -1.65
23.19 -1.51
23.25 -1.36
23.32 -1.21
23.34 -1.06
23.32 -0.91
23.33 -0.75
23.39 -0.63
23.42 -0.49
23.44 -0.32
23.36 -0.13
24.46 0.05
24.48 0.16
24.45 0.35
24.45 0.46
24.46 0.59
24.41 0.75
24.36 0.9
24.36 1.08
24.36 1.23
24.29 1.42
24.25 1.52
24.21 1.7
24.18 1.83
24.17 1.99
24.11 2.15
24.04 2.36
24.02 2.51
23.94 2.57
23.89 2.7
23.77 2.89
23.72 3.07
23.62 3.17
23.53 3.3
23.46 3.45
23.41 3.58
23.33 3.77
23.19 3.84
23.1 4.02
23.03 4.1
22.98 4.27
22.86 4.37
22.76 4.5
22.71 4.59
22.56 4.76
22.49 4.91
22.36 4.95
22.22 5.06
22.11 5.25
22.08 5.32
21.98 5.44
21.83 5.54
21.7 5.63
21.56 5.79
21.47 5.92
21.32 5.97
21.28 6.12
21.14 6.16
21.01 6.26
20.83 6.41
20.79 6.49
20.61 6.58
20.46 6.7
20.37 6.81
20.3 6.86
20.11 6.93
20.02 7.04
19.84 7.18
19.74 7.26
19.56 7.35
19.46 7.38
19.32 7.5
19.22 7.54
19.07 7.7
18.94 7.74
18.84 7.87
18.68 7.92
18.49 7.96
18.37 8.04
18.29 8.13
18.07 8.23
18 8.34
17.82 8.34
17.69 8.46
17.6 8.54
17.39 8.65
17.31 8.67
17.1 8.76
17.03 8.81
16.88 8.89
16.74 8.97
16.59 9
16.41 9.05
16.3 9.17
16.11 9.22
15.95 9.27
15.83 9.36
15.74 9.37
15.52 9.44
15.44 9.48
15.21 9.6
15.07 9.66
14.92 9.73
14.81 9.77
14.63 9.83
14.56 9.84
14.35 9.93
14.25 9.96
14.08 9.99
13.95 10.06
13.72 10.17
13.61 10.19
13.44 10.21
13.34 10.29
13.18 10.29
12.97 10.4
12.92 10.4
12.7 10.41
12.55 10.5
12.37 10.57
12.25 10.55
12.15 10.68
11.91 10.64
11.81 10.68
11.63 10.75
11.49 10.83
11.31 10.86
11.2 10.88
11.04 10.94
10.91 10.91
10.74 11.04
10.63 11.01
10.44 11.09
10.27 11.12
10.1 11.15
10.01 11.2
9.84 11.19
9.64 11.3
9.48 11.3
9.32 11.27
9.16 11.34
9.01 11.42
8.88 11.46
8.72 11.48
8.61 11.5
8.44 11.46
8.27 11.52
8.06 11.58
7.97 11.6
7.77 11.63
7.65 11.6
7.46 11.67
7.33 11.7
7.18 11.7
6.98 11.74
6.81 11.73
6.7 11.79
6.54 11.84
6.39 11.78
6.2 11.84
6.06 11.88
5.89 11.91
5.81 11.89
5.61 11.87
5.41 11.95
5.24 11.91
5.15 11.99
4.96 11.94
4.8 11.96
4.69 11.98
4.55 11.99
4.29 12.01
4.19 12.06
3.99 12.07
3.89 12.09
3.68 12.06
3.55 12.08
3.36 12.14
3.21 12.17
3.13 12.13
2.92 12.11
2.72 12.21
2.59 12.13
2.46 12.16
2.3 12.18
2.14 12.19
2.01 12.21
1.83 12.2
1.68 12.16
1.54 12.17
1.36 12.21
1.19 12.26
1.03 12.27
0.91 12.23
0.67 12.26
0.54 12.21
0.41 12.23
0.21 12.26
0.03 12.25
-0.08 12.27
-0.27 12.25
-0.37 12.27
-0.59 12.21
-0.71 12.21
-0.85 12.27
-0.98 12.26
-1.21 12.19
-1.35 12.22
-1.5 12.26
-1.61 12.24
-1.84 12.18
-1.98 12.2
-2.17 12.18
-2.3 12.22
-2.48 12.18
-2.62 12.14
-2.8 12.2
-2.97 12.13
-3.06 12.11
-3.22 12.17
-3.38 12.11
-3.51 12.08
-3.72 12.06
-3.91 12.11
-4.06 12.11
-4.23 12.08
-4.34 12.09
-4.51 12
-4.61 11.98
-4.85 12.04
-4.99 11.98
-5.14 11.95
-5.29 11.91
-5.41 11.97
-5.61 11.95
-5.76 11.86
-5.89 11.88
-6.02 11.86
-6.26 11.86
-6.38 11.81
-6.53 11.78
-6.71 11.74
-6.87 11.79
-7.01 11.75
-7.13 11.71
-7.31 11.65
-7.48 11.64
-7.64 11.61
-7.84 11.56
-7.95 11.54
-8.1 11.52
-8.23 11.51
-8.42 11.49
-8.54 11.47
-8.74 11.44
-8.86 11.42
-9.06 11.39
-9.19 11.39
-9.32 11.35
-9.5 11.3
-9.67 11.27
-9.84 11.26
-9.92 11.21
-10.13 11.18
-10.3 11.11
-10.4 11.08
-10.62 11.02
-10.69 11.04
-10.92 10.93
-11.08 10.91
-11.19 10.84
-11.35 10.86
-11.52 10.8
-11.65 10.76
-11.77 10.77
-11.96 10.65
-12.07 10.61
-12.21 10.64
-12.36 10.52
-12.58 10.51
-12.67 10.45
-12.89 10.42
-13.03 10.4
-13.21 10.29
-13.34 10.3
-13.47 10.24
-13.61 10.16
-13.77 10.17
-13.92 10.03
-14.09 10.03
-14.19 9.99
-14.33 9.9
-14.48 9.87
-14.64 9.85
-14.82 9.75
-14.93 9.71
-15.13 9.61
-15.26 9.52
-15.37 9.49
-15.59 9.45
-15.71 9.43
-15.83 9.31
-15.98 9.31
-16.12 9.25
-16.23 9.15
-16.42 9.04
-16.6 9.05
-16.74 8.96
-16.83 8.86
-17.03 8.83
-17.12 8.72
-17.23 8.68
-17.38 8.57
-17.59 8.58
-17.73 8.45
-17.81 8.41
-17.97 8.35
-18.12 8.21
-18.26 8.13
-18.39 8.1
-18.49 8.02
-18.7 7.94
-18.77 7.85
-18.91 7.77
-19.06 7.69
-19.17 7.55
-19.38 7.54
-19.48 7.46
-19.62 7.37
-19.69 7.29
-19.9 7.1
-20.02 7.1
-20.15 6.94
-20.22 6.88
-20.39 6.77
-20.52 6.68
-20.67 6.6
-20.75 6.54
-20.87 6.41
-20.95 6.34
-21.12 6.17
-21.21 6.1
-21.36 6.01
-21.51 5.9
-21.55 5.74
-21.75 5.69
-21.78 5.53
-21.97 5.39
-22.03 5.37
-22.11 5.18
-22.26 5.13
-22.37 5.01
-22.45 4.89
-22.58 4.77
-22.71 4.6
-22.75 4.5
-22.86 4.4
-22.95 4.25
-23.07 4.1
-23.13 4.03
-23.25 3.9
-23.35 3.77
-23.4 3.57
-23.46 3.47
-23.58 3.33
-23.64 3.2
-23.74 3.03
-23.74 2.91
-23.89 2.79
-23.95 2.61
-23.97 2.47
-24.06 2.31
-24.07 2.12
-24.17 2.06
-24.18 1.87
-24.22 1.75
-24.29 1.53
-24.32 1.45
-24.32 1.27
-24.41 1.1
-24.41 0.98
-24.44 0.82
-24.45 0.62
-24.46 0.43
-24.48 0.33
-24.5 0.15
-24.51 0
-24.49 -0.19
-24.51 -0.32
-24.41 -0.48
-24.4 -0.67
-24.38 -0.79
-24.36 -0.91
-24.39 -1.13
-24.36 -1.22
-24.27 -1.37
-24.31 -1.52
-24.26 -1.76
-24.2 -1.91
-24.16 -2
-24.08 -2.13
-24.04 -2.31
-23.96 -2.43
-23.93 -2.63
-23.86 -2.76
-23.83 -2.88
-23.68 -3.05
-23.63 -3.16
-23.52 -3.29
-23.5 -3.42
-23.4 -3.63
-23.35 -3.76
-23.26 -3.89
-23.13 -3.94
-23.02 -4.16
-23.01 -4.24
-22.89 -4.33
-22.78 -4.51
-22.72 -4.6
-22.52 -4.76
-22.43 -4.88
-22.39 -4.97
-22.29 -5.13
-22.1 -5.19
-22.04 -5.28
-21.95 -5.44
-21.79 -5.55
-21.74 -5.63
-21.61 -5.76
-21.45 -5.9
-21.37 -6.02
-21.26 -6.05
-21.16 -6.17
-21.04 -6.29
-20.89 -6.36
-20.79 -6.45
-20.64 -6.57
-20.51 -6.65
-20.42 -6.81
-20.27 -6.86
-20.16 -7.02
-19.97 -7.04
-19.9 -7.1
-19.76 -7.23
-19.61 -7.33
-19.47 -7.41
-19.37 -7.47
-19.23 -7.61
-19.05 -7.72
-18.98 -7.77
-18.75 -7.8
-18.71 -7.95
-18.53 -8
-18.44 -8.07
-18.22 -8.2
-18.1 -8.2
-17.94 -8.26
-17.89 -8.36
-17.68 -8.47
-17.54 -8.54
-17.4 -8.57
-17.26 -8.7
-17.16 -8.79
-17.02 -8.85
-16.83 -8.86
-16.71 -8.9
-16.61 -8.96
-16.45 -9.12
-16.23 -9.16
-16.08 -9.21
-16.03 -9.24
-15.8 -9.33
-15.72 -9.44
-15.5 -9.41
-15.41 -9.55
-15.3 -9.57
-15.08 -9.58
-14.96 -9.7
-14.81 -9.76
-14.64 -9.83
-14.47 -9.84
-14.42 -9.88
-14.2 -10
-14.07 -10.05
-13.93 -10.1
-13.74 -10.11
-13.61 -10.13
-13.44 -10.25
-13.31 -10.23
-13.19 -10.31
-13 -10.35
-12.85 -10.45
-12.76 -10.51
-12.53 -10.52
-12.39 -10.53
-12.26 -10.64
-12.1 -10.67
-11.94 -10.72
-11.78 -10.68
-11.61 -10.81
-11.54 -10.81
-11.32 -10.88
-11.16 -10.85
-11.07 -10.9
-10.86 -10.99
-10.74 -10.98
-10.58 -11.08
-10.44 -11.09
-10.23 -11.15
-10.14 -11.19
-9.96 -11.13
-9.84 -11.22
-9.61 -11.28
-9.54 -11.32
-9.39 -11.29
-9.19 -11.38
-9.01 -11.41
-8.88 -11.43
-8.76 -11.47
-8.54 -11.51
-8.46 -11.46
-8.29 -11.54
-8.13 -11.59
-7.96 -11.6
-7.76 -11.61
-7.63 -11.64
-7.53 -11.66
-7.36 -11.73
-7.19 -11.67
-7.03 -11.78
-6.9 -11.78
-6.72 -11.79
-6.57 -11.77
-6.42 -11.84
-6.24 -11.81
-6.11 -11.86
-5.9 -11.87
-5.72 -11.86
-5.6 -11.94
-5.4 -11.9
-5.27 -11.94
-5.16 -11.93
-5.01 -12.02
-4.85 -12.01
-4.64 -12
-4.54 -12.05
-4.33 -12.03
-4.2 -12.02
-3.99 -12.1
-3.86 -12.05
-3.67 -12.12
-3.59 -12.09
-3.36 -12.08
-3.22 -12.17
-3.13 -12.14
-2.92 -12.12
-2.72 -12.13
-2.58 -12.18
-2.46 -12.16
-2.31 -12.23
-2.18 -12.15
-1.97 -12.16
-1.85 -12.25
-1.64 -12.22
-1.51 -12.24
-1.32 -12.27
-1.15 -12.22
-1.07 -12.26
-0.83 -12.21
-0.66 -12.26
-0.59 -12.28
-0.38 -12.25
-0.28 -12.23
-0.13 -12.22
0.1 -12.29
0.25 -12.21
0.35 -12.19
0.57 -12.24
0.72 -12.22
0.83 -12.23
1.03 -12.26
1.19 -12.23
1.3 -12.23
1.46 -12.19
1.69 -12.2
1.8 -12.18
1.96 -12.23
2.15 -12.21
2.26 -12.2
2.43 -12.16
2.63 -12.16
2.74 -12.17
2.88 -12.1
3.09 -12.15
3.21 -12.18
3.38 -12.16
3.6 -12.06
3.73 -12.09
3.82 -12.1
3.98 -12.06
4.23 -12.02
4.36 -12
4.51 -12.02
4.67 -12.02
4.81 -12.02
5.01 -12.03
5.17 -12.01
5.29 -12
5.48 -11.94
5.58 -11.91
5.74 -11.89
5.88 -11.88
6.06 -11.89
6.25 -11.79
6.38 -11.79
6.5 -11.82
6.68 -11.8
6.84 -11.77
7.03 -11.69
7.13 -11.68
7.35 -11.67
7.52 -11.64
7.65 -11.68
7.75 -11.63
7.92 -11.58
8.12 -11.56
8.3 -11.48
8.45 -11.52
8.6 -11.45
8.77 -11.39
8.9 -11.38
9.01 -11.36
9.19 -11.32
9.39 -11.33
9.48 -11.31
9.68 -11.29
9.84 -11.26
9.94 -11.22
10.17 -11.17
10.32 -11.13
10.4 -11.06
10.54 -11.08
10.74 -10.96
10.86 -10.93
11.03 -10.94
11.2 -10.87
11.31 -10.8
11.46 -10.76
11.68 -10.74
11.78 -10.76
11.97 -10.68
12.08 -10.61
12.21 -10.63
12.4 -10.54
12.59 -10.48
12.7 -10.42
12.84 -10.4
13.01 -10.32
13.17 -10.28
13.33 -10.3
13.5 -10.26
13.58 -10.19
13.8 -10.17
13.96 -10.04
14.04 -10
14.21 -10
14.39 -9.92
14.47 -9.88
14.71 -9.8
14.81 -9.76
14.95 -9.73
15.09 -9.67
15.21 -9.62
15.4 -9.48
15.57 -9.47
15.73 -9.41
15.87 -9.32
16.03 -9.26
16.16 -9.2
16.23 -9.18
16.46 -9.11
16.52 -9.05
16.74 -8.94
16.8 -8.85
17.04 -8.83
17.15 -8.77
17.29 -8.64
17.37 -8.59
17.55 -8.5
17.65 -8.47
17.8 -8.36
18 -8.31
18.14 -8.21
18.23 -8.13
18.35 -8.05
18.52 -7.95
18.68 -7.94
18.83 -7.84
18.94 -7.72
19.05 -7.7
19.22 -7.61
19.31 -7.49
19.51 -7.47
19.58 -7.35
19.77 -7.2
19.82 -7.15
19.98 -7.09
20.11 -6.92
20.28 -6.86
20.4 -6.79
20.47 -6.71
20.68 -6.62
20.8 -6.46
20.88 -6.44
20.98 -6.28
21.12 -6.18
21.28 -6.04
21.35 -6.03
21.51 -5.91
21.58 -5.77
21.75 -5.69
21.85 -5.53
21.93 -5.41
22.08 -5.31
22.12 -5.23
22.27 -5.09
22.36 -5.01
22.49 -4.9
22.54 -4.78
22.67 -4.66
22.77 -4.5
22.9 -4.42
23.01 -4.21
23.1 -4.16
23.17 -4.02
23.27 -3.88
23.32 -3.74
23.42 -3.61
23.47 -3.48
23.58 -3.31
23.64 -3.17
23.71 -3.02
23.76 -2.85
23.84 -2.78
23.89 -2.63
23.94 -2.47
23.99 -2.37
24.04 -2.12
24.19 -2.03
24.22 -1.83
24.19 -1.76
24.32 -1.6
24.31 -1.45
24.36 -1.25
24.43 -1.07
24.44 -0.94
24.38 -0.83
24.42 -0.59
24.51 -0.46
24.43 -0.36
24.43 -0.13
25.53 -0.04
25.57 0.2
25.54 0.34
25.57 0.46
25.52 0.66
25.5 0.86
25.51 1.02
25.48 1.14
25.39 1.3
25.41 1.51
25.32 1.64
25.27 1.8
25.25 1.93
25.21 2.08
25.14 2.22
25.12 2.42
25 2.54
24.98 2.77
24.91 2.86
24.87 3.06
24.8 3.16
24.65 3.27
24.65 3.5
24.49 3.61
24.4 3.71
24.32 3.86
24.24 4.02
24.14 4.12
24.04 4.28
23.95 4.46
23.9 4.51
23.81 4.72
23.63 4.84
23.55 4.96
23.43 5.12
23.38 5.2
23.26 5.34
23.12 5.4
22.98 5.52
22.87 5.63
22.79 5.76
22.66 5.93
22.55 6
22.43 6.11
22.27 6.25
22.16 6.36
22.05 6.46
21.89 6.61
21.82 6.64
21.64 6.78
21.52 6.92
21.37 6.96
21.32 7.1
21.14 7.16
20.97 7.29
20.91 7.38
20.79 7.44
20.59 7.51
20.45 7.7
20.32 7.79
20.23 7.84
20.09 7.96
19.88 8.05
19.74 8.08
19.67 8.15
19.46 8.27
19.38 8.31
19.17 8.45
19.08 8.55
18.96 8.63
18.75 8.66
18.61 8.79
18.48 8.82
18.36 8.88
18.16 9.03
17.99 9.07
17.88 9.15
17.74 9.18
17.6 9.31
17.44 9.35
17.27 9.43
17.14 9.52
16.97 9.54
16.82 9.57
16.73 9.65
16.5 9.77
16.36 9.8
16.22 9.87
16.04 9.91
15.94 9.95
15.78 10.08
15.61 10.1
15.44 10.2
15.28 10.21
15.17 10.28
15.03 10.4
14.81 10.38
14.72 10.42
14.5 10.52
14.37 10.53
14.25 10.6
14.1 10.68
13.87 10.7
13.77 10.8
13.62 10.82
13.48 10.87
13.24 10.95
13.08 10.98
12.93 11.04
12.79 11.02
12.61 11.07
12.52 11.17
12.34 11.16
12.15 11.21
12.04 11.24
11.81 11.36
11.73 11.34
11.53 11.44
11.35 11.43
11.2 11.52
11.02 11.55
10.9 11.55
10.76 11.62
10.6 11.64
10.45 11.69
10.22 11.69
10.07 11.71
9.91 11.75
9.78 11.76
9.59 11.85
9.39 11.88
9.23 11.94
9.13 11.92
8.91 12.01
8.82 11.95
8.67 12
8.46 12.07
8.25 12.11
8.17 12.09
7.99 12.18
7.81 12.18
7.61 12.18
7.51 12.23
7.34 12.21
7.16 12.26
6.95 12.33
6.84 12.33
6.63 12.36
6.49 12.41
6.36 12.41
6.17 12.37
6.03 12.47
5.89 12.48
5.65 12.43
5.48 12.5
5.35 12.46
5.24 12.55
5 12.51
4.82 12.59
4.71 12.52
4.51 12.54
4.33 12.61
4.24 12.58
4.09 12.65
3.85 12.62
3.7 12.68
3.52 12.62
3.41 12.67
3.18 12.67
3.04 12.69
2.91 12.65
2.76 12.73
2.52 12.73
2.42 12.68
2.19 12.77
2.06 12.77
1.95 12.73
1.72 12.8
1.54 12.75
1.44 12.8
1.29 12.76
1.09 12.82
0.93 12.74
0.72 12.73
0.61 12.76
0.4 12.75
0.28 12.81
0.04 12.74
-0.13 12.73
-0.24 12.73
-0.41 12.73
-0.62 12.74
-0.75 12.8
-0.95 12.78
-1.02 12.81
-1.26 12.75
-1.38 12.76
-1.56 12.8
-1.73 12.7
-1.92 12.74
-2.04 12.78
-2.2 12.73
-2.34 12.71
-2.58 12.7
-2.7 12.73
-2.92 12.66
-3.09 12.69
-3.22 12.68
-3.4 12.64
-3.58 12.68
-3.76 12.63
-3.9 12.63
-4.05 12.63
-4.23 12.63
-4.37 12.59
-4.49 12.61
-4.71 12.56
-4.86 12.58
-5.02 12.5
-5.22 12.55
-5.31 12.46
-5.55 12.49
-5.71 12.45
-5.89 12.46
-6.06 12.44
-6.16 12.37
-6.34 12.39
-6.55 12.4
-6.62 12.35
-6.81 12.31
-6.99 12.32
-7.15 12.24
-7.28 12.26
-7.52 12.21
-7.68 12.16
-7.83 12.16
-7.99 12.16
-8.12 12.12
-8.26 12.12
-8.46 12.07
-8.59 12.06
-8.8 12.03
-8.9 11.94
-9.1 11.91
-9.24 11.9
-9.44 11.83
-9.63 11.86
-9.71 11.78
-9.91 11.78
-10.09 11.77
-10.2 11.75
-10.43 11.67
-10.61 11.63
-10.76 11.61
-10.87 11.6
-11.07 11.56
-11.25 11.49
-11.39 11.44
-11.56 11.4
-11.67 11.4
-11.89 11.36
-11.97 11.26
-12.14 11.24
-12.29 11.23
-12.53 11.18
-12.64 11.13
-12.77 11.11
-12.95 11.02
-13.09 10.96
-13.32 10.95
-13.43 10.9
-13.59 10.87
-13.79 10.78
-13.87 10.7
-14.08 10.7
-14.22 10.59
-14.4 10.54
-14.58 10.51
-14.65 10.44
-14.88 10.4
-15 10.33
-15.19 10.32
-15.3 10.24
-15.51 10.18
-15.61 10.1
-15.74 10.08
-15.97 9.97
-16.1 9.97
-16.27 9.91
-16.39 9.85
-16.53 9.76
-16.64 9.67
-16.8 9.58
-16.99 9.54
-17.13 9.51
-17.34 9.44
-17.45 9.35
-17.54 9.32
-17.71 9.21
-17.88 9.17
-18.06 9.01
-18.18 9
-18.3 8.92
-18.52 8.82
-18.59 8.73
-18.74 8.66
-18.88 8.55
-19.03 8.53
-19.16 8.41
-19.39 8.35
-19.48 8.24
-19.58 8.16
-19.82 8.07
-19.94 8.01
-20.03 7.9
-20.16 7.81
-20.31 7.78
-20.51 7.67
-20.59 7.58
-20.78 7.48
-20.87 7.4
-21.02 7.3
-21.15 7.17
-21.26 7.13
-21.43 7.03
-21.55 6.9
-21.71 6.79
-21.8 6.7
-21.94 6.58
-22.03 6.49
-22.22 6.37
-22.28 6.23
-22.39 6.17
-22.56 6.06
-22.62 5.9
-22.81 5.82
-22.88 5.66
-23.06 5.54
-23.09 5.44
-23.21 5.36
-23.31 5.17
-23.47 5.05
-23.56 4.96
-23.7 4.79
-23.73 4.71
-23.91 4.54
-24.02 4.39
-24.09 4.27
-24.14 4.14
-24.22 4
-24.33 3.9
-24.44 3.77
-24.51 3.57
-24.64 3.43
-24.68 3.3
-24.81 3.22
-24.84 3.02
-24.91 2.88
-24.94 2.72
-25.06 2.53
-25.09 2.46
-25.12 2.31
-25.25 2.09
-25.24 1.97
-25.34 1.82
-25.31 1.66
-25.37 1.52
-25.4 1.35
-25.42 1.17
-25.51 1.02
-25.47 0.81
-25.54 0.65
-25.56 0.48
-25.51 0.35
-25.59 0.2
-25.6 -0.04
-25.51 -0.13
-25.51 -0.32
-25.52 -0.51
-25.48 -0.66
-25.51 -0.83
-25.46 -1.01
-25.48 -1.13
-25.42 -1.27
-25.37 -1.43
-25.32 -1.68
-25.32 -1.82
-25.22 -1.96
-25.16 -2.12
-25.16 -2.28
-25.1 -2.41
-25.08 -2.58
-24.96 -2.74
-24.94 -2.86
-24.8 -3.07
-24.76 -3.21
-24.73 -3.3
-24.63 -3.49
-24.51 -3.6
-24.41 -3.77
-24.36 -3.9
-24.3 -4.01
-24.17 -4.15
-24.08 -4.3
-24 -4.42
-23.87 -4.6
-23.78 -4.73
-23.69 -4.82
-23.58 -4.93
-23.46 -5.09
-23.32 -5.21
-23.28 -5.28
-23.14 -5.43
-23 -5.61
-22.89 -5.69
-22.81 -5.84
-22.63 -5.92
-22.54 -6.05
-22.45 -6.13
-22.31 -6.25
-22.21 -6.37
-22.05 -6.48
-21.94 -6.54
-21.8 -6.64
-21.68 -6.81
-21.56 -6.89
-21.41 -6.95
-21.23 -7.08
-21.09 -7.23
-20.98 -7.31
-20.87 -7.34
-20.76 -7.43
-20.57 -7.53
-20.48 -7.66
-20.33 -7.73
-20.22 -7.82
-20.02 -7.96
-19.91 -7.96
-19.78 -8.06
-19.6 -8.2
-19.45 -8.31
-19.38 -8.3
-19.2 -8.45
-19.09 -8.56
-18.88 -8.65
-18.79 -8.63
-18.62 -8.73
-18.43 -8.84
-18.35 -8.91
-18.19 -8.98
-18.03 -9.09
-17.87 -9.08
-17.78 -9.21
-17.58 -9.24
-17.48 -9.31
-17.26 -9.39
-17.14 -9.5
-17 -9.58
-16.84 -9.66
-16.67 -9.64
-16.5 -9.78
-16.38 -9.84
-16.28 -9.85
-16.04 -9.96
-15.96 -9.95
-15.81 -10.07
-15.67 -10.12
-15.48 -10.17
-15.3 -10.28
-15.18 -10.33
-14.98 -10.32
-14.89 -10.4
-14.72 -10.48
-14.53 -10.51
-14.39 -10.6
-14.19 -10.67
-14.08 -10.7
-13.95 -10.69
-13.76 -10.8
-13.61 -10.86
-13.42 -10.9
-13.24 -10.88
-13.11 -10.93
-12.95 -10.98
-12.82 -11.06
-12.65 -11.07
-12.48 -11.11
-12.3 -11.17
-12.14 -11.26
-11.99 -11.28
-11.83 -11.32
-11.71 -11.32
-11.51 -11.37
-11.38 -11.42
-11.17 -11.44
-11.02 -11.51
-10.86 -11.61
-10.74 -11.58
-10.61 -11.6
-10.41 -11.65
-10.23 -11.72
-10.09 -11.78
-9.88 -11.81
-9.73 -11.84
-9.58 -11.85
-9.45 -11.92
-9.23 -11.92
-9.07 -11.94
-8.93 -12.02
-8.75 -12.04
-8.65 -12.06
-8.45 -12.02
-8.26 -12.12
-8.11 -12.09
-7.93 -12.12
-7.86 -12.12
-7.66 -12.21
-7.5 -12.21
-7.28 -12.24
-7.17 -12.3
-7.02 -12.25
-6.8 -12.36
-6.64 -12.3
-6.48 -12.34
-6.3 -12.39
-6.17 -12.45
-6.02 -12.38
-5.8 -12.4
-5.66 -12.43
-5.53 -12.48
-5.37 -12.54
-5.16 -12.52
-4.99 -12.5
-4.91 -12.52
-4.72 -12.59
-4.49 -12.61
-4.32 -12.59
-4.17 -12.56
-4.07 -12.57
-3.9 -12.59
-3.7 -12.61
-3.56 -12.61
-3.33 -12.67
-3.25 -12.7
-3.09 -12.71
-2.93 -12.71
-2.77 -12.73
-2.54 -12.75
-2.4 -12.7
-2.22 -12.76
-2.08 -12.72
-1.87 -12.73
-1.7 -12.71
-1.52 -12.79
-1.36 -12.71
-1.23 -12.78
-1.04 -12.75
-0.9 -12.77
-0.79 -12.79
-0.56 -12.79
-0.37 -12.82
-0.27 -12.79
-0.06 -12.81
0.07 -12.74
0.25 -12.8
0.45 -12.8
0.54 -12.75
0.7 -12.78
0.86 -12.77
1.07 -12.74
1.21 -12.8
1.35 -12.73
1.57 -12.8
1.75 -12.75
1.93 -12.77
2.02 -12.76
2.26 -12.78
2.37 -12.75
2.58 -12.75
2.76 -12.69
2.86 -12.72
3.02 -12.65
3.27 -12.64
3.4 -12.66
3.54 -12.68
3.71 -12.63
3.84 -12.65
4.08 -12.58
4.22 -12.57
4.33 -12.62
4.58 -12.6
4.69 -12.56
4.89 -12.58
5.01 -12.51
5.18 -12.5
5.37 -12.51
5.56 -12.47
5.71 -12.5
5.88 -12.49
6.06 -12.44
6.13 -12.38
6.3 -12.34
6.5 -12.36
6.62 -12.38
6.85 -12.32
7 -12.29
7.17 -12.28
7.31 -12.24
7.47 -12.18
7.67 -12.23
7.76 -12.2
7.93 -12.18
8.18 -12.16
8.26 -12.07
8.51 -12.07
8.62 -11.98
8.83 -12.02
8.95 -12
9.14 -11.97
9.31 -11.86
9.47 -11.88
9.6 -11.84
9.79 -11.79
9.93 -11.8
10.07 -11.74
10.22 -11.66
10.44 -11.64
10.57 -11.64
10.73 -11.6
10.92 -11.55
11.06 -11.54
11.18 -11.48
11.33 -11.49
11.51 -11.38
11.7 -11.37
11.8 -11.28
11.98 -11.23
12.15 -11.28
12.3 -11.2
12.51 -11.2
12.66 -11.14
12.82 -11.08
12.99 -11.01
13.15 -10.99
13.33 -10.96
13.4 -10.86
13.59 -10.87
13.71 -10.79
13.9 -10.76
14.09 -10.69
14.19 -10.59
14.4 -10.55
14.54 -10.53
14.66 -10.44
14.86 -10.4
14.96 -10.38
15.15 -10.27
15.31 -10.18
15.49 -10.13
15.62 -10.12
15.74 -10.1
15.88 -9.99
16.09 -9.96
16.24 -9.86
16.42 -9.77
16.56 -9.78
16.74 -9.72
16.84 -9.63
17 -9.54
17.13 -9.49
17.28 -9.39
17.46 -9.38
17.54 -9.25
17.79 -9.18
17.93 -9.13
18.07 -9.04
18.18 -9.03
18.3 -8.87
18.53 -8.87
18.64 -8.79
18.78 -8.66
18.89 -8.61
19.09 -8.55
19.22 -8.41
19.37 -8.34
19.45 -8.26
19.61 -8.17
19.75 -8.08
19.94 -8.04
20.07 -7.89
20.19 -7.79
20.37 -7.74
20.52 -7.61
20.63 -7.59
20.69 -7.48
20.9 -7.37
21.01 -7.25
21.15 -7.19
21.3 -7.1
21.43 -6.97
21.58 -6.88
21.64 -6.76
21.79 -6.69
21.88 -6.54
22.02 -6.49
22.16 -6.4
22.29 -6.28
22.39 -6.17
22.53 -6
22.61 -5.95
22.82 -5.77
22.94 -5.64
23.03 -5.53
23.1 -5.41
23.21 -5.29
23.34 -5.2
23.43 -5.09
23.54 -4.92
23.66 -4.82
23.77 -4.65
23.85 -4.52
23.99 -4.42
24.04 -4.3
24.14 -4.18
24.23 -3.99
24.36 -3.85
24.42 -3.74
24.55 -3.65
24.58 -3.44
24.72 -3.28
24.79 -3.15
24.79 -3.04
24.91 -2.87
24.96 -2.68
25.05 -2.6
25.12 -2.37
25.15 -2.25
25.2 -2.08
25.31 -1.96
25.28 -1.75
25.34 -1.63
25.39 -1.45
25.46 -1.26
25.44 -1.11
25.51 -1.01
25.56 -0.82
25.48 -0.69
25.5 -0.5
25.58 -0.38
25.57 -0.14
