0 0.02
2 0
4 0.03
6 -0.02
8 0.01
10 0.04
12 0.02
14 0
16 0
18 0.03
20 0.01
22 0
24 0.02
26.01 0.03
28.01 0.05
30.01 0.04
32.01 0.02
34.01 0.01
36.01 0.04
38.01 0.04
40.01 0.07
42.01 0.03
44.01 0.06
46.01 0.05
48.01 0.05
50.01 0.03
52.01 0.06
54.01 0.07
56.01 0.06
58.01 0.04
60.01 0.1
62.01 0.08
64.01 0.04
66.01 0.1
68.01 0.05
70.01 0.06
72.01 0.06
74.01 0.05
76.02 0.06
78.02 0.09
80.02 0.06
82.02 0.11
84.02 0.07
86.02 0.1
88.02 0.07
90.02 0.09
92.02 0.08
94.02 0.12
96.02 0.11
98.02 0.13
100.02 0.08
102.02 0.13
104.02 0.14
106.02 0.11
108.02 0.12
110.02 0.1
112.02 0.13
114.02 0.14
116.02 0.12
118.02 0.15
120.02 0.16
122.02 0.11
124.02 0.11
126.03 0.11
128.03 0.13
130.03 0.13
132.03 0.15
134.03 0.12
136.03 0.16
138.03 0.16
140.03 0.12
142.03 0.13
144.03 0.16
146.03 0.15
148.03 0.17
150.03 0.16
152.03 0.15
154.03 0.15
156.03 0.17
158.03 0.18
160.03 0.18
162.03 0.19
164.03 0.2
166.03 0.17
168.03 0.19
170.03 0.15
172.03 0.19
174.03 0.17
176.04 0.15
178.04 0.19
180.04 0.18
182.04 0.21
184.04 0.17
186.04 0.16
188.04 0.21
190.04 0.19
192.04 0.18
194.04 0.2
196.04 0.2
198.04 0.2
200.04 0.19
202.04 0.19
204.04 0.18
206.04 0.18
208.04 0.21
210.04 0.17
212.04 0.19
214.04 0.21
216.04 0.19
218.04 0.21
220.04 0.23
222.04 0.24
224.04 0.2
226.05 0.21
228.05 0.22
230.05 0.22
232.05 0.21
234.05 0.24
236.05 0.22
238.05 0.2
240.05 0.24
242.05 0.23
244.05 0.21
246.05 0.2
248.05 0.21
250.05 0.2
252.05 0.25
254.05 0.2
256.05 0.21
258.05 0.21
260.05 0.25
262.05 0.22
264.05 0.22
266.05 0.21
268.05 0.21
270.05 0.23
272.05 0.25
274.05 0.21
276.06 0.25
278.06 0.22
280.06 0.24
282.06 0.26
284.06 0.23
286.06 0.21
288.06 0.22
290.06 0.25
292.06 0.26
294.06 0.25
296.06 0.27
298.06 0.23
300.06 0.24
302.06 0.27
304.06 0.24
306.06 0.25
308.06 0.24
310.06 0.23
312.06 0.26
314.06 0.24
316.06 0.26
318.06 0.22
320.06 0.23
322.06 0.27
324.06 0.25
326.07 0.22
328.07 0.24
330.07 0.23
332.07 0.24
334.07 0.27
336.07 0.25
338.07 0.26
340.07 0.25
342.07 0.27
344.07 0.26
346.07 0.23
348.07 0.25
350.07 0.27
352.07 0.26
354.07 0.28
356.07 0.26
358.07 0.24
360.07 0.25
362.07 0.25
364.07 0.27
366.07 0.26
368.07 0.28
370.07 0.22
372.07 0.27
374.07 0.25
376.08 0.26
378.08 0.27
380.08 0.22
382.08 0.26
384.08 0.24
386.08 0.25
388.08 0.25
390.08 0.23
392.08 0.25
394.08 0.23
396.08 0.25
398.08 0.24
400.08 0.22
402.08 0.23
404.08 0.23
406.08 0.21
408.08 0.24
410.08 0.23
412.08 0.21
414.08 0.21
416.08 0.23
418.08 0.26
420.08 0.24
422.08 0.22
424.08 0.23
426.09 0.24
428.09 0.22
430.09 0.21
432.09 0.25
434.09 0.21
436.09 0.24
438.09 0.25
440.09 0.25
442.09 0.22
444.09 0.24
446.09 0.21
448.09 0.26
450.09 0.23
452.09 0.21
454.09 0.25
456.09 0.23
458.09 0.22
460.09 0.23
462.09 0.21
464.09 0.22
466.09 0.21
468.09 0.24
470.09 0.22
472.09 0.21
474.09 0.19
476.1 0.21
478.1 0.21
480.1 0.22
482.1 0.22
484.1 0.23
486.1 0.22
488.1 0.21
490.1 0.22
492.1 0.18
494.1 0.18
496.1 0.22
498.1 0.18
500.1 0.2
502.1 0.2
504.1 0.16
506.1 0.21
508.1 0.19
510.1 0.2
512.1 0.17
514.1 0.2
516.1 0.19
518.1 0.19
520.1 0.21
522.1 0.21
524.1 0.17
526.11 0.16
528.11 0.17
530.11 0.15
532.11 0.16
534.11 0.16
536.11 0.14
538.11 0.19
540.11 0.16
542.11 0.17
544.11 0.15
546.11 0.14
548.11 0.17
550.11 0.17
552.11 0.14
554.11 0.18
556.11 0.12
558.11 0.12
560.11 0.16
562.11 0.17
564.11 0.15
566.11 0.16
568.11 0.13
570.11 0.14
572.11 0.12
574.11 0.11
576.12 0.11
578.12 0.12
580.12 0.12
582.12 0.15
584.12 0.11
586.12 0.12
588.12 0.14
590.12 0.1
592.12 0.11
594.12 0.13
596.12 0.1
598.12 0.13
600.12 0.13
602.12 0.1
604.12 0.1
606.12 0.12
608.12 0.12
610.12 0.11
612.12 0.08
614.12 0.12
616.12 0.1
618.12 0.11
620.12 0.1
622.12 0.06
624.12 0.11
626.13 0.07
628.13 0.11
630.13 0.09
632.13 0.07
634.13 0.06
636.13 0.05
638.13 0.04
640.13 0.07
642.13 0.08
644.13 0.05
646.13 0.04
648.13 0.07
650.13 0.07
652.13 0.07
654.13 0.07
656.13 0.02
658.13 0.06
660.13 0.03
662.13 0.04
664.13 0.06
666.13 0.04
668.13 0.01
670.13 0.02
672.13 0.03
674.13 0.05
676.14 0.03
678.14 0.01
680.14 0.03
682.14 0.04
684.14 0.04
686.14 0
688.14 -0.01
690.14 0
692.14 -0.02
694.14 0.03
696.14 0.03
698.14 0
700.14 0.02
702.14 0
704.14 -0.01
706.14 0
708.14 0.01
710.14 0.02
712.14 0
714.14 -0.04
716.14 -0.05
718.14 -0.03
720.14 -0.04
722.14 -0.05
724.14 -0.01
726.15 0
728.15 -0.03
730.15 -0.05
732.15 -0.05
734.15 -0.02
736.15 -0.02
738.15 -0.06
740.15 -0.05
742.15 -0.06
744.15 -0.04
746.15 -0.07
748.15 -0.08
750.15 -0.04
752.15 -0.07
754.15 -0.07
756.15 -0.09
758.15 -0.07
760.15 -0.05
762.15 -0.09
764.15 -0.1
766.15 -0.06
768.15 -0.08
770.15 -0.1
772.15 -0.06
774.15 -0.08
776.16 -0.07
778.16 -0.08
780.16 -0.11
782.16 -0.07
784.16 -0.11
786.16 -0.07
788.16 -0.09
790.16 -0.11
792.16 -0.08
794.16 -0.13
796.16 -0.09
798.16 -0.11
800.16 -0.12
802.16 -0.12
804.16 -0.09
806.16 -0.09
808.16 -0.13
810.16 -0.14
812.16 -0.13
814.16 -0.14
816.16 -0.14
818.16 -0.1
820.16 -0.11
822.16 -0.13
824.16 -0.11
826.17 -0.13
828.17 -0.14
830.17 -0.16
832.17 -0.15
834.17 -0.12
836.17 -0.16
838.17 -0.12
840.17 -0.18
842.17 -0.16
844.17 -0.16
846.17 -0.13
848.17 -0.14
850.17 -0.14
852.17 -0.13
854.17 -0.17
856.17 -0.17
858.17 -0.16
860.17 -0.17
862.17 -0.14
864.17 -0.2
866.17 -0.16
868.17 -0.15
870.17 -0.16
872.17 -0.19
874.17 -0.16
876.18 -0.19
878.18 -0.16
880.18 -0.2
882.18 -0.16
884.18 -0.17
886.18 -0.16
888.18 -0.2
890.18 -0.2
892.18 -0.17
894.18 -0.2
896.18 -0.19
898.18 -0.22
900.18 -0.2
902.18 -0.2
904.18 -0.2
906.18 -0.19
908.18 -0.19
910.18 -0.22
912.18 -0.22
914.18 -0.21
916.18 -0.23
918.18 -0.21
920.18 -0.23
922.18 -0.18
924.18 -0.2
926.19 -0.19
928.19 -0.24
930.19 -0.22
932.19 -0.24
934.19 -0.19
936.19 -0.2
938.19 -0.2
940.19 -0.19
942.19 -0.19
944.19 -0.23
946.19 -0.23
948.19 -0.21
950.19 -0.23
952.19 -0.24
954.19 -0.2
956.19 -0.22
958.19 -0.22
960.19 -0.25
962.19 -0.25
964.19 -0.24
966.19 -0.25
968.19 -0.22
970.19 -0.21
972.19 -0.26
974.19 -0.22
976.2 -0.22
978.2 -0.22
980.2 -0.25
982.2 -0.22
984.2 -0.23
986.2 -0.24
988.2 -0.21
990.2 -0.25
992.2 -0.25
994.2 -0.26
996.2 -0.26
998.2 -0.27
1000.2 -0.27
1002.2 -0.22
1004.2 -0.27
1006.2 -0.22
1008.2 -0.25
1010.2 -0.27
1012.2 -0.25
1014.2 -0.26
1016.2 -0.26
1018.2 -0.24
1020.2 -0.22
1022.2 -0.22
1024.2 -0.28
1026.21 -0.25
1028.21 -0.25
1030.21 -0.27
1032.21 -0.25
1034.21 -0.24
1036.21 -0.24
1038.21 -0.23
1040.21 -0.26
1042.21 -0.26
1044.21 -0.24
1046.21 -0.25
1048.21 -0.26
1050.21 -0.22
1052.21 -0.25
1054.21 -0.22
1056.21 -0.26
1058.21 -0.27
1060.21 -0.25
1062.21 -0.26
1064.21 -0.27
1066.21 -0.27
1068.21 -0.24
1070.21 -0.24
1072.21 -0.22
1074.21 -0.27
1076.22 -0.26
1078.22 -0.24
1080.22 -0.24
1082.22 -0.28
1084.22 -0.27
1086.22 -0.27
1088.22 -0.26
1090.22 -0.26
1092.22 -0.24
1094.22 -0.22
1096.22 -0.23
1098.22 -0.24
1100.22 -0.23
1102.22 -0.24
1104.22 -0.26
1106.22 -0.22
1108.22 -0.23
1110.22 -0.23
1112.22 -0.22
1114.22 -0.24
1116.22 -0.25
1118.22 -0.23
1120.22 -0.21
1122.22 -0.22
1124.22 -0.25
1126.23 -0.22
1128.23 -0.24
1130.23 -0.26
1132.23 -0.25
1134.23 -0.21
1136.23 -0.23
1138.23 -0.24
1140.23 -0.24
1142.23 -0.21
1144.23 -0.25
1146.23 -0.26
1148.23 -0.24
1150.23 -0.21
1152.23 -0.2
1154.23 -0.25
1156.23 -0.22
1158.23 -0.24
1160.23 -0.19
1162.23 -0.23
1164.23 -0.2
1166.23 -0.24
1168.23 -0.23
1170.23 -0.2
1172.23 -0.22
1174.23 -0.19
1176.24 -0.2
1178.24 -0.19
1180.24 -0.18
1182.24 -0.23
1184.24 -0.23
1186.24 -0.21
1188.24 -0.22
1190.24 -0.22
1192.24 -0.18
1194.24 -0.21
1196.24 -0.21
1198.24 -0.22
1200.24 -0.17
1202.24 -0.21
1204.24 -0.2
1206.24 -0.21
1208.24 -0.17
1210.24 -0.2
1212.24 -0.18
1214.24 -0.2
1216.24 -0.18
1218.24 -0.18
1220.24 -0.19
1222.24 -0.15
1224.24 -0.15
1226.25 -0.2
1228.25 -0.19
1230.25 -0.17
1232.25 -0.19
1234.25 -0.19
1236.25 -0.18
1238.25 -0.19
1240.25 -0.16
1242.25 -0.19
1244.25 -0.16
1246.25 -0.16
1248.25 -0.17
1250.25 -0.17
1252.25 -0.18
1254.25 -0.13
1256.25 -0.17
1258.25 -0.14
1260.25 -0.17
1262.25 -0.15
1264.25 -0.17
1266.25 -0.12
1268.25 -0.14
1270.25 -0.16
1272.25 -0.14
1274.25 -0.16
1276.26 -0.13
1278.26 -0.11
1280.26 -0.16
1282.26 -0.11
1284.26 -0.14
1286.26 -0.11
1288.26 -0.14
1290.26 -0.14
1292.26 -0.1
1294.26 -0.13
1296.26 -0.09
1298.26 -0.13
1300.26 -0.1
1302.26 -0.12
1304.26 -0.12
1306.26 -0.09
1308.26 -0.09
1310.26 -0.09
1312.26 -0.12
1314.26 -0.12
1316.26 -0.1
1318.26 -0.09
1320.26 -0.06
1322.26 -0.09
1324.26 -0.08
1326.27 -0.06
1328.27 -0.08
1330.27 -0.07
1332.27 -0.05
1334.27 -0.06
1336.27 -0.07
1338.27 -0.07
1340.27 -0.08
1342.27 -0.08
1344.27 -0.08
1346.27 -0.07
1348.27 -0.04
1350.27 -0.06
1352.27 -0.07
1354.27 -0.05
1356.27 -0.04
1358.27 -0.05
1360.27 -0.06
1362.27 -0.07
1364.27 -0.07
1366.27 -0.06
1368.27 -0.06
1370.27 -0.04
1372.27 -0.05
1374.27 -0.01
1376.28 -0.04
1378.28 -0.05
1380.28 -0.02
1382.28 0.01
1384.28 0
1386.28 -0.02
1388.28 0.01
1390.28 0.02
1392.28 -0.02
1394.28 -0.03
1396.28 -0.01
1398.28 0.02
1400.28 -0.02
1402.28 0.03
1404.28 0
1406.28 0.03
1408.28 -0.02
1410.28 0.03
1412.28 -0.01
1414.28 -0.01
1416.28 0.01
1418.28 0.03
1420.28 0.02
1422.28 0
1424.28 0.03
1426.29 0.04
1428.29 0.02
1430.29 0.03
1432.29 0.03
1434.29 0.01
1436.29 0.04
1438.29 0.04
1440.29 0.03
1442.29 0.04
1444.29 0.02
1446.29 0.07
1448.29 0.04
1450.29 0.08
1452.29 0.06
1454.29 0.05
1456.29 0.07
1458.29 0.07
1460.29 0.09
1462.29 0.04
1464.29 0.1
1466.29 0.07
1468.29 0.07
1470.29 0.09
1472.29 0.1
1474.29 0.09
1476.3 0.09
1478.3 0.1
1480.3 0.08
1482.3 0.07
1484.3 0.07
1486.3 0.12
1488.3 0.1
1490.3 0.08
1492.3 0.08
1494.3 0.1
1496.3 0.11
1498.3 0.09
1500.3 0.12
1502.3 0.12
1504.3 0.14
1506.3 0.1
1508.3 0.12
1510.3 0.1
1512.3 0.11
1514.3 0.15
1516.3 0.13
1518.3 0.14
1520.3 0.15
1522.3 0.16
1524.3 0.14
1526.31 0.11
1528.31 0.11
1530.31 0.13
1532.31 0.14
1534.31 0.12
1536.31 0.16
1538.31 0.17
1540.31 0.13
1542.31 0.16
1544.31 0.17
1546.31 0.13
1548.31 0.15
1550.31 0.18
1552.31 0.14
1554.31 0.19
1556.31 0.16
1558.31 0.15
1560.31 0.14
1562.31 0.14
1564.31 0.14
1566.31 0.18
1568.31 0.16
1570.31 0.18
1572.31 0.16
1574.31 0.16
1576.32 0.19
1578.32 0.2
1580.32 0.2
1582.32 0.19
1584.32 0.18
1586.32 0.21
1588.32 0.17
1590.32 0.18
1592.32 0.18
1594.32 0.19
1596.32 0.2
1598.32 0.2
1600.32 0.18
1602.32 0.2
1604.32 0.19
1606.32 0.18
1608.32 0.22
1610.32 0.19
1612.32 0.2
1614.32 0.18
1616.32 0.22
1618.32 0.18
1620.32 0.21
1622.32 0.19
1624.32 0.18
1626.33 0.23
1628.33 0.23
1630.33 0.19
1632.33 0.2
1634.33 0.19
1636.33 0.22
1638.33 0.23
1640.33 0.22
1642.33 0.2
1644.33 0.22
1646.33 0.24
1648.33 0.22
1650.33 0.21
1652.33 0.26
1654.33 0.24
1656.33 0.22
1658.33 0.21
1660.33 0.24
1662.33 0.24
1664.33 0.24
1666.33 0.22
1668.33 0.25
1670.33 0.22
1672.33 0.24
1674.33 0.21
1676.34 0.23
1678.34 0.25
1680.34 0.23
1682.34 0.24
1684.34 0.25
1686.34 0.26
1688.34 0.24
1690.34 0.22
1692.34 0.22
1694.34 0.22
1696.34 0.26
1698.34 0.25
1700.34 0.24
1702.34 0.27
1704.34 0.24
1706.34 0.22
1708.34 0.23
1710.34 0.23
1712.34 0.24
1714.34 0.22
1716.34 0.24
1718.34 0.23
1720.34 0.22
1722.34 0.28
1724.34 0.27
1726.35 0.23
1728.35 0.25
1730.35 0.22
1732.35 0.26
1734.35 0.26
1736.35 0.23
1738.35 0.27
1740.35 0.27
1742.35 0.27
1744.35 0.26
1746.35 0.23
1748.35 0.25
1750.35 0.23
1752.35 0.25
1754.35 0.27
1756.35 0.26
1758.35 0.24
1760.35 0.26
1762.35 0.23
1764.35 0.26
1766.35 0.26
1768.35 0.28
1770.35 0.28
1772.35 0.23
1774.35 0.23
1776.36 0.24
1778.36 0.24
1780.36 0.26
1782.36 0.23
1784.36 0.23
1786.36 0.23
1788.36 0.25
1790.36 0.23
1792.36 0.27
1794.36 0.26
1796.36 0.26
1798.36 0.25
1800.36 0.27
1802.36 0.27
1804.36 0.26
1806.36 0.25
1808.36 0.27
1810.36 0.23
1812.36 0.26
1814.36 0.27
1816.36 0.24
1818.36 0.24
1820.36 0.26
1822.36 0.25
1824.36 0.24
1826.37 0.25
1828.37 0.21
1830.37 0.23
1832.37 0.24
1834.37 0.25
1836.37 0.2
1838.37 0.21
1840.37 0.25
1842.37 0.25
1844.37 0.23
1846.37 0.2
1848.37 0.2
1850.37 0.22
1852.37 0.2
1854.37 0.23
1856.37 0.22
1858.37 0.22
1860.37 0.23
1862.37 0.19
1864.37 0.2
1866.37 0.23
1868.37 0.23
1870.37 0.19
1872.37 0.24
1874.37 0.21
1876.38 0.22
1878.38 0.21
1880.38 0.19
1882.38 0.22
1884.38 0.23
1886.38 0.21
1888.38 0.23
1890.38 0.2
1892.38 0.2
1894.38 0.17
1896.38 0.21
1898.38 0.19
1900.38 0.17
1902.38 0.19
1904.38 0.2
1906.38 0.17
1908.38 0.19
1910.38 0.18
1912.38 0.16
1914.38 0.19
1916.38 0.17
1918.38 0.19
1920.38 0.15
1922.38 0.2
1924.38 0.17
1926.39 0.18
1928.39 0.16
1930.39 0.16
1932.39 0.2
1934.39 0.18
1936.39 0.19
1938.39 0.15
1940.39 0.14
1942.39 0.15
1944.39 0.17
1946.39 0.16
1948.39 0.14
1950.39 0.17
1952.39 0.14
1954.39 0.14
1956.39 0.15
1958.39 0.17
1960.39 0.17
1962.39 0.16
1964.39 0.17
1966.39 0.13
1968.39 0.14
1970.39 0.12
1972.39 0.11
1974.39 0.12
1976.4 0.16
1978.4 0.13
1980.4 0.12
1982.4 0.14
1984.4 0.13
1986.4 0.15
1988.4 0.14
1990.4 0.1
1992.4 0.09
1994.4 0.12
1996.4 0.14
1998.4 0.11
2000.4 0.08
2002.4 0.11
2004.4 0.09
2006.4 0.11
2008.4 0.1
2010.4 0.08
2012.4 0.09
2014.4 0.1
2016.4 0.11
2018.4 0.11
2020.4 0.1
2022.4 0.11
2024.4 0.08
2026.41 0.07
2028.41 0.09
2030.41 0.05
2032.41 0.07
2034.41 0.06
2036.41 0.04
2038.41 0.04
2040.41 0.09
2042.41 0.06
2044.41 0.04
2046.41 0.06
2048.41 0.06
2050.41 0.05
2052.41 0.05
2054.41 0.02
2056.41 0.03
2058.41 0.07
2060.41 0.06
2062.41 0.06
2064.41 0.04
2066.41 0.03
2068.41 0.04
2070.41 0.01
2072.41 0.01
2074.41 0
2076.42 0
2078.42 0.04
2080.42 0
2082.42 0.03
2084.42 0.01
2086.42 0.02
2088.42 0.01
2090.42 0.01
2092.42 0
2094.42 0.02
2096.42 0.03
2098.42 -0.02
2100.42 0
2102.42 -0.02
2104.42 0
2106.42 0.02
2108.42 0
2110.42 0
2112.42 0
2114.42 -0.04
2116.42 -0.03
2118.42 -0.03
2120.42 -0.05
2122.42 -0.01
2124.42 -0.04
2126.43 -0.05
2128.43 -0.01
2130.43 -0.01
2132.43 -0.07
2134.43 -0.04
2136.43 -0.04
2138.43 -0.05
2140.43 -0.03
2142.43 -0.02
2144.43 -0.05
2146.43 -0.03
2148.43 -0.06
2150.43 -0.08
2152.43 -0.03
2154.43 -0.07
2156.43 -0.06
2158.43 -0.05
2160.43 -0.1
2162.43 -0.08
2164.43 -0.05
2166.43 -0.09
2168.43 -0.07
2170.43 -0.08
2172.43 -0.1
2174.43 -0.05
2176.44 -0.07
2178.44 -0.09
2180.44 -0.09
2182.44 -0.07
2184.44 -0.07
2186.44 -0.09
2188.44 -0.11
2190.44 -0.12
2192.44 -0.1
2194.44 -0.12
2196.44 -0.09
2198.44 -0.11
2200.44 -0.11
2202.44 -0.12
2204.44 -0.09
2206.44 -0.13
2208.44 -0.11
2210.44 -0.11
2212.44 -0.13
2214.44 -0.13
2216.44 -0.12
2218.44 -0.1
2220.44 -0.12
2222.44 -0.12
2224.44 -0.12
2226.45 -0.14
2228.45 -0.12
2230.45 -0.16
2232.45 -0.12
2234.45 -0.13
2236.45 -0.13
2238.45 -0.17
2240.45 -0.14
2242.45 -0.13
2244.45 -0.14
2246.45 -0.15
2248.45 -0.17
2250.45 -0.17
2252.45 -0.14
2254.45 -0.18
2256.45 -0.15
2258.45 -0.19
2260.45 -0.18
2262.45 -0.17
2264.45 -0.16
2266.45 -0.15
2268.45 -0.15
2270.45 -0.19
2272.45 -0.17
2274.45 -0.15
2276.46 -0.17
2278.46 -0.19
2280.46 -0.16
2282.46 -0.19
2284.46 -0.18
2286.46 -0.17
2288.46 -0.19
2290.46 -0.22
2292.46 -0.16
2294.46 -0.22
2296.46 -0.19
2298.46 -0.19
2300.46 -0.17
2302.46 -0.17
2304.46 -0.21
2306.46 -0.17
2308.46 -0.22
2310.46 -0.21
2312.46 -0.22
2314.46 -0.19
2316.46 -0.2
2318.46 -0.19
2320.46 -0.21
2322.46 -0.18
2324.46 -0.23
2326.47 -0.21
2328.47 -0.2
2330.47 -0.19
2332.47 -0.22
2334.47 -0.22
2336.47 -0.19
2338.47 -0.24
2340.47 -0.23
2342.47 -0.22
2344.47 -0.22
2346.47 -0.21
2348.47 -0.25
2350.47 -0.24
2352.47 -0.23
2354.47 -0.24
2356.47 -0.2
2358.47 -0.22
2360.47 -0.25
2362.47 -0.2
2364.47 -0.24
2366.47 -0.25
2368.47 -0.24
2370.47 -0.22
2372.47 -0.26
2374.47 -0.25
2376.48 -0.21
2378.48 -0.22
2380.48 -0.24
2382.48 -0.21
2384.48 -0.23
2386.48 -0.22
2388.48 -0.25
2390.48 -0.22
2392.48 -0.24
2394.48 -0.22
2396.48 -0.26
2398.48 -0.24
2400.48 -0.24
2402.48 -0.26
2404.48 -0.24
2406.48 -0.25
2408.48 -0.26
2410.48 -0.26
2412.48 -0.22
2414.48 -0.25
2416.48 -0.22
2418.48 -0.26
2420.48 -0.23
2422.48 -0.26
2424.48 -0.25
2426.49 -0.25
2428.49 -0.23
2430.49 -0.24
2432.49 -0.23
2434.49 -0.26
2436.49 -0.28
2438.49 -0.25
2440.49 -0.27
2442.49 -0.24
2444.49 -0.24
2446.49 -0.22
2448.49 -0.26
2450.49 -0.28
2452.49 -0.27
2454.49 -0.24
2456.49 -0.26
2458.49 -0.26
2460.49 -0.25
2462.49 -0.25
2464.49 -0.26
2466.49 -0.28
2468.49 -0.25
2470.49 -0.24
2472.49 -0.27
2474.49 -0.28
2476.5 -0.27
2478.5 -0.25
2480.5 -0.25
2482.5 -0.25
2484.5 -0.25
2486.5 -0.27
2488.5 -0.25
2490.5 -0.25
2492.5 -0.24
2494.5 -0.25
2496.5 -0.22
2498.5 -0.22
2500.5 -0.22
2502.5 -0.24
2504.5 -0.23
2506.5 -0.22
2508.5 -0.24
2510.5 -0.27
2512.5 -0.25
2514.5 -0.25
2516.5 -0.26
2518.5 -0.22
2520.5 -0.26
2522.5 -0.22
2524.5 -0.21
2526.51 -0.23
2528.51 -0.23
2530.51 -0.24
2532.51 -0.25
2534.51 -0.25
2536.51 -0.25
2538.51 -0.25
2540.51 -0.24
2542.51 -0.2
2544.51 -0.24
2546.51 -0.22
2548.51 -0.22
2550.51 -0.24
2552.51 -0.2
2554.51 -0.2
2556.51 -0.2
2558.51 -0.22
2560.51 -0.22
2562.51 -0.21
2564.51 -0.23
2566.51 -0.19
2568.51 -0.19
2570.51 -0.22
2572.51 -0.24
2574.51 -0.23
2576.52 -0.24
2578.52 -0.2
2580.52 -0.22
2582.52 -0.2
2584.52 -0.21
2586.52 -0.21
2588.52 -0.18
2590.52 -0.2
2592.52 -0.21
2594.52 -0.22
2596.52 -0.21
2598.52 -0.17
2600.52 -0.22
2602.52 -0.2
2604.52 -0.21
2606.52 -0.21
2608.52 -0.18
2610.52 -0.17
2612.52 -0.21
2614.52 -0.16
2616.52 -0.18
2618.52 -0.17
2620.52 -0.16
2622.52 -0.18
2624.52 -0.2
2626.53 -0.18
2628.53 -0.18
2630.53 -0.18
2632.53 -0.19
2634.53 -0.19
2636.53 -0.17
2638.53 -0.18
2640.53 -0.16
2642.53 -0.18
2644.53 -0.14
2646.53 -0.18
2648.53 -0.15
2650.53 -0.14
2652.53 -0.16
2654.53 -0.16
2656.53 -0.13
2658.53 -0.13
2660.53 -0.13
2662.53 -0.13
2664.53 -0.12
2666.53 -0.13
2668.53 -0.14
2670.53 -0.12
2672.53 -0.12
2674.53 -0.15
2676.54 -0.14
2678.54 -0.16
2680.54 -0.15
2682.54 -0.14
2684.54 -0.15
2686.54 -0.1
2688.54 -0.11
2690.54 -0.14
2692.54 -0.14
2694.54 -0.12
2696.54 -0.1
2698.54 -0.1
2700.54 -0.1
2702.54 -0.13
2704.54 -0.12
2706.54 -0.09
2708.54 -0.12
2710.54 -0.09
2712.54 -0.12
2714.54 -0.12
2716.54 -0.11
2718.54 -0.08
2720.54 -0.07
2722.54 -0.08
2724.54 -0.08
2726.55 -0.1
2728.55 -0.06
2730.55 -0.06
2732.55 -0.1
2734.55 -0.06
2736.55 -0.06
2738.55 -0.07
2740.55 -0.08
2742.55 -0.09
2744.55 -0.09
2746.55 -0.08
2748.55 -0.04
2750.55 -0.05
2752.55 -0.06
2754.55 -0.08
2756.55 -0.08
2758.55 -0.04
2760.55 -0.03
2762.55 -0.06
2764.55 -0.05
2766.55 -0.06
2768.55 -0.05
2770.55 -0.05
2772.55 -0.01
2774.55 -0.05
2776.56 -0.02
2778.56 -0.03
2780.56 -0.02
2782.56 -0.04
2784.56 -0.04
2786.56 -0.01
2788.56 -0.02
2790.56 0
2792.56 0.02
2794.56 -0.03
2796.56 -0.03
2798.56 0
2800.56 0
2802.56 -0.01
2804.56 0
2806.56 0
2808.56 0.01
2810.56 0.01
2812.56 0.01
2814.56 0.03
2816.56 0.01
2818.56 -0.01
2820.56 0.01
2822.56 0.04
2824.56 0
2826.57 0.01
2828.57 0.05
2830.57 0.05
2832.57 0.06
2834.57 0.02
2836.57 0.06
2838.57 0.04
2840.57 0.07
2842.57 0.07
2844.57 0.04
2846.57 0.08
2848.57 0.06
2850.57 0.03
2852.57 0.05
2854.57 0.07
2856.57 0.07
2858.57 0.06
2860.57 0.05
2862.57 0.09
2864.57 0.07
2866.57 0.09
2868.57 0.06
2870.57 0.11
2872.57 0.08
2874.57 0.07
2876.58 0.07
2878.58 0.1
2880.58 0.1
2882.58 0.11
2884.58 0.1
2886.58 0.07
2888.58 0.1
2890.58 0.08
2892.58 0.09
2894.58 0.08
2896.58 0.11
2898.58 0.08
2900.58 0.08
2902.58 0.12
2904.58 0.13
2906.58 0.13
2908.58 0.1
2910.58 0.13
2912.58 0.11
2914.58 0.14
2916.58 0.12
2918.58 0.12
2920.58 0.11
2922.58 0.13
2924.58 0.15
2926.59 0.14
2928.59 0.13
2930.59 0.16
2932.59 0.14
2934.59 0.16
2936.59 0.16
2938.59 0.15
2940.59 0.15
2942.59 0.18
2944.59 0.14
2946.59 0.18
2948.59 0.17
2950.59 0.18
2952.59 0.14
2954.59 0.15
2956.59 0.14
2958.59 0.19
2960.59 0.19
2962.59 0.19
2964.59 0.19
2966.59 0.14
2968.59 0.15
2970.59 0.2
2972.59 0.16
2974.59 0.15
2976.6 0.19
2978.6 0.2
2980.6 0.18
2982.6 0.19
2984.6 0.17
2986.6 0.18
2988.6 0.16
2990.6 0.2
2992.6 0.16
2994.6 0.19
2996.6 0.2
2998.6 0.17
3000.6 0.21
3002.6 0.2
3004.6 0.2
3006.6 0.2
3008.6 0.17
3010.6 0.18
3012.6 0.23
3014.6 0.21
3016.6 0.2
3018.6 0.18
3020.6 0.23
3022.6 0.19
3024.6 0.2
3026.61 0.19
3028.61 0.19
3030.61 0.22
3032.61 0.2
3034.61 0.2
3036.61 0.2
3038.61 0.22
3040.61 0.21
3042.61 0.21
3044.61 0.25
3046.61 0.2
3048.61 0.22
3050.61 0.22
3052.61 0.23
3054.61 0.22
3056.61 0.2
3058.61 0.23
3060.61 0.21
3062.61 0.26
3064.61 0.24
3066.61 0.23
3068.61 0.2
3070.61 0.21
3072.61 0.23
3074.61 0.21
3076.62 0.23
3078.62 0.25
3080.62 0.22
3082.62 0.25
3084.62 0.21
3086.62 0.24
3088.62 0.22
3090.62 0.26
3092.62 0.26
3094.62 0.26
3096.62 0.26
3098.62 0.22
3100.62 0.26
3102.62 0.22
3104.62 0.25
3106.62 0.23
3108.62 0.22
3110.62 0.26
3112.62 0.22
3114.62 0.22
3116.62 0.26
3118.62 0.27
3120.62 0.28
3122.62 0.24
3124.62 0.27
3126.63 0.26
3128.63 0.26
3130.63 0.27
3132.63 0.27
3134.63 0.23
3136.63 0.22
3138.63 0.26
3140.63 0.23
3142.63 0.25
3144.63 0.27
3146.63 0.23
3148.63 0.25
3150.63 0.24
3152.63 0.22
3154.63 0.26
3156.63 0.26
3158.63 0.25
3160.63 0.27
3162.63 0.24
3164.63 0.22
3166.63 0.27
3168.63 0.25
3170.63 0.24
3172.63 0.26
3174.63 0.25
3176.64 0.23
3178.64 0.25
3180.64 0.24
3182.64 0.27
3184.64 0.25
3186.64 0.23
3188.64 0.23
3190.64 0.23
3192.64 0.25
3194.64 0.27
3196.64 0.24
3198.64 0.23
3200.64 0.26
3202.64 0.26
3204.64 0.26
3206.64 0.26
3208.64 0.25
3210.64 0.25
3212.64 0.25
3214.64 0.26
3216.64 0.23
3218.64 0.22
3220.64 0.24
3222.64 0.23
3224.64 0.21
3226.65 0.22
3228.65 0.22
3230.65 0.2
3232.65 0.26
3234.65 0.23
3236.65 0.26
3238.65 0.23
3240.65 0.24
3242.65 0.23
3244.65 0.21
3246.65 0.2
3248.65 0.23
3250.65 0.2
3252.65 0.21
3254.65 0.21
3256.65 0.25
3258.65 0.25
3260.65 0.2
3262.65 0.21
3264.65 0.19
3266.65 0.19
3268.65 0.24
3270.65 0.22
3272.65 0.19
3274.65 0.19
3276.66 0.21
3278.66 0.21
3280.66 0.23
3282.66 0.22
3284.66 0.2
3286.66 0.23
3288.66 0.23
3290.66 0.21
3292.66 0.2
3294.66 0.22
3296.66 0.19
3298.66 0.19
3300.66 0.19
3302.66 0.18
3304.66 0.21
3306.66 0.19
3308.66 0.17
3310.66 0.17
3312.66 0.17
3314.66 0.16
3316.66 0.19
3318.66 0.2
3320.66 0.2
3322.66 0.19
3324.66 0.16
3326.67 0.16
3328.67 0.19
3330.67 0.2
3332.67 0.17
3334.67 0.15
3336.67 0.19
3338.67 0.16
3340.67 0.17
3342.67 0.14
3344.67 0.14
3346.67 0.17
3348.67 0.18
3350.67 0.13
3352.67 0.14
3354.67 0.16
3356.67 0.15
3358.67 0.17
3360.67 0.13
3362.67 0.14
3364.67 0.15
3366.67 0.16
3368.67 0.16
3370.67 0.11
3372.67 0.13
3374.67 0.11
3376.68 0.15
3378.68 0.12
3380.68 0.13
3382.68 0.15
3384.68 0.11
3386.68 0.11
3388.68 0.12
3390.68 0.14
3392.68 0.1
3394.68 0.12
3396.68 0.11
3398.68 0.08
3400.68 0.11
3402.68 0.1
3404.68 0.09
3406.68 0.12
3408.68 0.08
3410.68 0.1
3412.68 0.1
3414.68 0.11
3416.68 0.06
3418.68 0.1
3420.68 0.11
3422.68 0.1
3424.68 0.11
3426.69 0.1
3428.69 0.06
3430.69 0.05
3432.69 0.08
3434.69 0.06
3436.69 0.1
3438.69 0.04
3440.69 0.06
3442.69 0.09
3444.69 0.06
3446.69 0.06
3448.69 0.08
3450.69 0.05
3452.69 0.07
3454.69 0.04
3456.69 0.06
3458.69 0.07
3460.69 0.06
3462.69 0.05
3464.69 0.03
3466.69 0.01
3468.69 0.05
3470.69 0.02
3472.69 0.02
3474.69 0.01
3476.7 0.04
3478.7 0.05
3480.7 0
3482.7 0.02
3484.7 0.01
3486.7 0.03
3488.7 -0.01
3490.7 0
3492.7 -0.01
3494.7 0.01
3496.7 0.03
3498.7 0.03
3500.7 0.01
3502.7 -0.03
3504.7 0.01
3506.7 -0.02
3508.7 0.01
3510.7 -0.03
3512.7 -0.03
3514.7 -0.03
3516.7 0
3518.7 -0.04
3520.7 0
3522.7 0
3524.7 -0.06
3526.71 -0.04
3528.71 -0.02
3530.71 -0.02
3532.71 -0.06
3534.71 -0.07
3536.71 -0.04
3538.71 -0.06
3540.71 -0.05
3542.71 -0.04
3544.71 -0.07
3546.71 -0.06
3548.71 -0.03
3550.71 -0.05
3552.71 -0.03
3554.71 -0.03
3556.71 -0.05
3558.71 -0.07
3560.71 -0.07
3562.71 -0.04
3564.71 -0.1
3566.71 -0.08
3568.71 -0.09
3570.71 -0.1
3572.71 -0.08
3574.71 -0.1
3576.72 -0.1
3578.72 -0.09
3580.72 -0.06
3582.72 -0.11
3584.72 -0.09
3586.72 -0.12
3588.72 -0.11
3590.72 -0.08
3592.72 -0.07
3594.72 -0.12
3596.72 -0.08
3598.72 -0.13
3600.72 -0.1
3602.72 -0.13
3604.72 -0.11
3606.72 -0.13
3608.72 -0.12
3610.72 -0.12
3612.72 -0.12
3614.72 -0.1
3616.72 -0.15
3618.72 -0.12
3620.72 -0.13
3622.72 -0.16
3624.72 -0.15
3626.73 -0.13
3628.73 -0.16
3630.73 -0.16
3632.73 -0.16
3634.73 -0.12
3636.73 -0.15
3638.73 -0.17
3640.73 -0.13
3642.73 -0.17
3644.73 -0.17
3646.73 -0.16
3648.73 -0.14
3650.73 -0.15
3652.73 -0.15
3654.73 -0.15
3656.73 -0.18
3658.73 -0.16
3660.73 -0.14
3662.73 -0.19
3664.73 -0.19
3666.73 -0.2
3668.73 -0.14
3670.73 -0.18
3672.73 -0.19
3674.73 -0.19
3676.74 -0.16
3678.74 -0.19
3680.74 -0.2
3682.74 -0.16
3684.74 -0.17
3686.74 -0.21
3688.74 -0.18
3690.74 -0.18
3692.74 -0.21
3694.74 -0.18
3696.74 -0.22
3698.74 -0.22
3700.74 -0.19
3702.74 -0.18
3704.74 -0.2
3706.74 -0.2
3708.74 -0.18
3710.74 -0.19
3712.74 -0.22
3714.74 -0.2
3716.74 -0.23
3718.74 -0.18
3720.74 -0.2
3722.74 -0.2
3724.74 -0.23
3726.75 -0.2
3728.75 -0.21
3730.75 -0.24
3732.75 -0.22
3734.75 -0.25
3736.75 -0.19
3738.75 -0.22
3740.75 -0.25
3742.75 -0.23
3744.75 -0.2
3746.75 -0.21
3748.75 -0.23
3750.75 -0.24
3752.75 -0.22
3754.75 -0.21
3756.75 -0.22
3758.75 -0.24
3760.75 -0.2
3762.75 -0.24
3764.75 -0.22
3766.75 -0.24
3768.75 -0.23
3770.75 -0.23
3772.75 -0.26
3774.75 -0.26
3776.76 -0.21
3778.76 -0.21
3780.76 -0.23
3782.76 -0.23
3784.76 -0.25
3786.76 -0.25
3788.76 -0.22
3790.76 -0.26
3792.76 -0.27
3794.76 -0.27
3796.76 -0.23
3798.76 -0.22
3800.76 -0.25
3802.76 -0.27
3804.76 -0.22
3806.76 -0.22
3808.76 -0.24
3810.76 -0.22
3812.76 -0.25
3814.76 -0.23
3816.76 -0.22
3818.76 -0.27
3820.76 -0.22
3822.76 -0.23
3824.76 -0.23
3826.77 -0.23
3828.77 -0.26
3830.77 -0.22
3832.77 -0.25
3834.77 -0.28
3836.77 -0.22
3838.77 -0.28
3840.77 -0.27
3842.77 -0.25
3844.77 -0.22
3846.77 -0.23
3848.77 -0.24
3850.77 -0.27
3852.77 -0.23
3854.77 -0.26
3856.77 -0.25
3858.77 -0.24
3860.77 -0.24
3862.77 -0.25
3864.77 -0.24
3866.77 -0.23
3868.77 -0.24
3870.77 -0.25
3872.77 -0.28
3874.77 -0.24
3876.78 -0.24
3878.78 -0.27
3880.78 -0.23
3882.78 -0.26
3884.78 -0.23
3886.78 -0.27
3888.78 -0.22
3890.78 -0.24
3892.78 -0.24
3894.78 -0.24
3896.78 -0.25
3898.78 -0.23
3900.78 -0.24
3902.78 -0.27
3904.78 -0.24
3906.78 -0.25
3908.78 -0.27
3910.78 -0.25
3912.78 -0.24
3914.78 -0.22
3916.78 -0.23
3918.78 -0.25
3920.78 -0.27
3922.78 -0.22
3924.78 -0.24
3926.79 -0.26
3928.79 -0.22
3930.79 -0.26
3932.79 -0.23
3934.79 -0.22
3936.79 -0.25
3938.79 -0.24
3940.79 -0.21
3942.79 -0.23
3944.79 -0.24
3946.79 -0.2
3948.79 -0.25
3950.79 -0.22
3952.79 -0.22
3954.79 -0.23
3956.79 -0.23
3958.79 -0.22
3960.79 -0.22
3962.79 -0.24
3964.79 -0.2
3966.79 -0.22
3968.79 -0.22
3970.79 -0.2
3972.79 -0.19
3974.79 -0.19
3976.8 -0.23
3978.8 -0.23
3980.8 -0.21
3982.8 -0.24
3984.8 -0.23
3986.8 -0.19
3988.8 -0.18
3990.8 -0.22
3992.8 -0.2
3994.8 -0.18
3996.8 -0.19
3998.8 -0.2
4000.8 -0.18
4002.8 -0.21
4004.8 -0.22
4006.8 -0.21
4008.8 -0.17
4010.8 -0.2
4012.8 -0.2
4014.8 -0.17
4016.8 -0.19
4018.8 -0.16
4020.8 -0.18
4022.8 -0.2
4024.8 -0.16
4026.81 -0.2
4028.81 -0.16
4030.81 -0.16
4032.81 -0.16
4034.81 -0.15
4036.81 -0.16
4038.81 -0.18
4040.81 -0.17
4042.81 -0.17
4044.81 -0.15
4046.81 -0.15
4048.81 -0.15
4050.81 -0.17
4052.81 -0.13
4054.81 -0.17
4056.81 -0.17
4058.81 -0.15
4060.81 -0.15
4062.81 -0.16
4064.81 -0.15
4066.81 -0.12
4068.81 -0.13
4070.81 -0.15
4072.81 -0.11
4074.81 -0.16
4076.82 -0.11
4078.82 -0.1
4080.82 -0.12
4082.82 -0.14
4084.82 -0.14
4086.82 -0.13
4088.82 -0.11
4090.82 -0.1
4092.82 -0.13
4094.82 -0.13
4096.82 -0.13
4098.82 -0.12
4100.82 -0.12
4102.82 -0.1
4104.82 -0.11
4106.82 -0.13
4108.82 -0.1
4110.82 -0.13
4112.82 -0.1
4114.82 -0.09
4116.82 -0.07
4118.82 -0.1
4120.82 -0.07
4122.82 -0.11
4124.82 -0.08
4126.83 -0.06
4128.83 -0.08
4130.83 -0.07
4132.83 -0.05
4134.83 -0.1
4136.83 -0.08
4138.83 -0.07
4140.83 -0.07
4142.83 -0.09
4144.83 -0.04
4146.83 -0.06
4148.83 -0.05
4150.83 -0.04
4152.83 -0.03
4154.83 -0.03
4156.83 -0.06
4158.83 -0.06
4160.83 -0.07
4162.83 -0.04
4164.83 -0.03
4166.83 -0.01
4168.83 -0.05
4170.83 -0.02
4172.83 -0.03
4174.83 -0.01
4176.84 -0.01
4178.84 -0.04
4180.84 -0.04
4182.84 -0.01
4184.84 -0.01
4186.84 -0.02
4188.84 -0.03
4190.84 0.01
4192.84 -0.02
4194.84 -0.03
4196.84 0
4198.84 0.01
4200.84 0.03
4202.84 0.03
4204.84 0.02
4206.84 -0.02
4208.84 0
4210.84 -0.02
4212.84 0.03
4214.84 0.03
4216.84 0.01
4218.84 0.04
4220.84 0
4222.84 0.04
4224.84 0.03
4226.85 0.03
4228.85 0.04
4230.85 0.04
4232.85 0.06
4234.85 0.02
4236.85 0.05
4238.85 0.04
4240.85 0.07
4242.85 0.04
4244.85 0.06
4246.85 0.07
4248.85 0.06
4250.85 0.06
4252.85 0.05
4254.85 0.04
4256.85 0.07
4258.85 0.08
4260.85 0.04
4262.85 0.06
4264.85 0.07
4266.85 0.07
4268.85 0.09
4270.85 0.09
4272.85 0.05
4274.85 0.09
4276.86 0.08
4278.86 0.1
4280.86 0.1
4282.86 0.07
4284.86 0.1
4286.86 0.1
4288.86 0.08
4290.86 0.09
4292.86 0.1
4294.86 0.08
4296.86 0.1
4298.86 0.1
4300.86 0.13
4302.86 0.13
4304.86 0.12
4306.86 0.1
4308.86 0.13
4310.86 0.13
4312.86 0.12
4314.86 0.11
4316.86 0.12
4318.86 0.12
4320.86 0.11
4322.86 0.13
4324.86 0.14
4326.87 0.15
4328.87 0.13
4330.87 0.14
4332.87 0.16
4334.87 0.14
4336.87 0.14
4338.87 0.17
4340.87 0.15
4342.87 0.15
4344.87 0.18
4346.87 0.18
4348.87 0.13
4350.87 0.16
4352.87 0.18
4354.87 0.15
4356.87 0.18
4358.87 0.15
4360.87 0.19
4362.87 0.19
4364.87 0.14
4366.87 0.19
4368.87 0.19
4370.87 0.17
4372.87 0.19
4374.87 0.15
4376.88 0.15
4378.88 0.17
4380.88 0.19
4382.88 0.18
4384.88 0.18
4386.88 0.16
4388.88 0.21
4390.88 0.17
4392.88 0.2
4394.88 0.18
4396.88 0.21
4398.88 0.2
4400.88 0.22
4402.88 0.21
4404.88 0.17
4406.88 0.18
4408.88 0.2
4410.88 0.2
4412.88 0.22
4414.88 0.2
4416.88 0.18
4418.88 0.22
4420.88 0.2
4422.88 0.19
4424.88 0.19
4426.89 0.19
4428.89 0.2
4430.89 0.2
4432.89 0.2
4434.89 0.19
4436.89 0.22
4438.89 0.23
4440.89 0.24
4442.89 0.23
4444.89 0.21
4446.89 0.22
4448.89 0.22
4450.89 0.25
4452.89 0.21
4454.89 0.2
4456.89 0.24
4458.89 0.24
4460.89 0.25
4462.89 0.23
4464.89 0.21
4466.89 0.21
4468.89 0.24
4470.89 0.26
4472.89 0.26
4474.89 0.21
4476.9 0.22
4478.9 0.23
4480.9 0.24
4482.9 0.26
4484.9 0.24
4486.9 0.26
4488.9 0.22
4490.9 0.25
4492.9 0.26
4494.9 0.26
4496.9 0.22
4498.9 0.23
4500.9 0.23
4502.9 0.25
4504.9 0.24
4506.9 0.24
4508.9 0.26
4510.9 0.23
4512.9 0.23
4514.9 0.24
4516.9 0.27
4518.9 0.24
4520.9 0.25
4522.9 0.26
4524.9 0.23
4526.91 0.22
4528.91 0.25
4530.91 0.28
4532.91 0.23
4534.91 0.23
4536.91 0.23
4538.91 0.27
4540.91 0.24
4542.91 0.23
4544.91 0.24
4546.91 0.27
4548.91 0.27
4550.91 0.26
4552.91 0.24
4554.91 0.25
4556.91 0.26
4558.91 0.23
4560.91 0.22
4562.91 0.23
4564.91 0.24
4566.91 0.24
4568.91 0.24
4570.91 0.23
4572.91 0.25
4574.91 0.25
4576.92 0.26
4578.92 0.25
4580.92 0.23
4582.92 0.26
4584.92 0.26
4586.92 0.23
4588.92 0.25
4590.92 0.26
4592.92 0.23
4594.92 0.23
4596.92 0.27
4598.92 0.24
4600.92 0.27
4602.92 0.26
4604.92 0.25
4606.92 0.22
4608.92 0.26
4610.92 0.24
4612.92 0.21
4614.92 0.23
4616.92 0.22
4618.92 0.26
4620.92 0.23
4622.92 0.26
4624.92 0.22
4626.93 0.23
4628.93 0.22
4630.93 0.23
4632.93 0.26
4634.93 0.25
4636.93 0.26
4638.93 0.25
4640.93 0.22
4642.93 0.26
4644.93 0.21
4646.93 0.25
4648.93 0.24
4650.93 0.24
4652.93 0.24
4654.93 0.24
4656.93 0.24
4658.93 0.24
4660.93 0.24
4662.93 0.21
4664.93 0.22
4666.93 0.21
4668.93 0.23
4670.93 0.21
4672.93 0.2
4674.93 0.21
4676.94 0.19
4678.94 0.19
4680.94 0.22
4682.94 0.2
4684.94 0.21
4686.94 0.23
4688.94 0.19
4690.94 0.21
4692.94 0.18
4694.94 0.21
4696.94 0.18
4698.94 0.21
4700.94 0.2
4702.94 0.21
4704.94 0.18
4706.94 0.18
4708.94 0.16
4710.94 0.17
4712.94 0.18
4714.94 0.18
4716.94 0.2
4718.94 0.19
4720.94 0.21
4722.94 0.18
4724.94 0.2
4726.95 0.15
4728.95 0.18
4730.95 0.15
4732.95 0.16
4734.95 0.16
4736.95 0.15
4738.95 0.16
4740.95 0.16
4742.95 0.13
4744.95 0.14
4746.95 0.14
4748.95 0.13
4750.95 0.16
4752.95 0.18
4754.95 0.15
4756.95 0.16
4758.95 0.14
4760.95 0.17
4762.95 0.15
4764.95 0.12
4766.95 0.11
4768.95 0.13
4770.95 0.16
4772.95 0.14
4774.95 0.11
4776.96 0.13
4778.96 0.11
4780.96 0.11
4782.96 0.15
4784.96 0.11
4786.96 0.14
4788.96 0.12
4790.96 0.14
4792.96 0.11
4794.96 0.14
4796.96 0.12
4798.96 0.1
4800.96 0.1
4802.96 0.09
4804.96 0.11
4806.96 0.11
4808.96 0.1
4810.96 0.1
4812.96 0.11
4814.96 0.09
4816.96 0.11
4818.96 0.06
4820.96 0.06
4822.96 0.06
4824.96 0.11
4826.97 0.07
4828.97 0.09
4830.97 0.05
4832.97 0.05
4834.97 0.08
4836.97 0.06
4838.97 0.06
4840.97 0.08
4842.97 0.06
4844.97 0.06
4846.97 0.07
4848.97 0.08
4850.97 0.03
4852.97 0.08
4854.97 0.07
4856.97 0.04
4858.97 0.03
4860.97 0.04
4862.97 0.07
4864.97 0.01
4866.97 0.05
4868.97 0.02
4870.97 0.04
4872.97 0.01
4874.97 0.03
4876.98 0.01
4878.98 0
4880.98 0.03
4882.98 0.03
4884.98 0
4886.98 0.01
4888.98 -0.01
4890.98 0.03
4892.98 0.03
4894.98 -0.01
4896.98 0.03
4898.98 0
4900.98 0.01
4902.98 -0.01
4904.98 -0.03
4906.98 -0.02
4908.98 0.01
4910.98 0.01
4912.98 0.01
4914.98 -0.03
4916.98 -0.02
4918.98 -0.04
4920.98 -0.04
4922.98 -0.02
4924.98 0
4926.99 -0.05
4928.99 -0.02
4930.99 -0.05
4932.99 -0.06
4934.99 -0.02
4936.99 -0.05
4938.99 -0.02
4940.99 -0.05
4942.99 -0.04
4944.99 -0.04
4946.99 -0.06
4948.99 -0.04
4950.99 -0.03
4952.99 -0.08
4954.99 -0.03
4956.99 -0.06
4958.99 -0.08
4960.99 -0.07
4962.99 -0.04
4964.99 -0.05
4966.99 -0.08
4968.99 -0.05
4970.99 -0.07
4972.99 -0.06
4974.99 -0.06
4977 -0.09
4979 -0.1
4981 -0.06
4983 -0.11
4985 -0.07
4987 -0.09
4989 -0.09
4991 -0.09
4993 -0.08
4995 -0.1
4997 -0.11
4999 -0.13
5001 -0.13
5003 -0.13
5005 -0.13
5007 -0.1
5009 -0.12
5011 -0.1
5013 -0.14
5015 -0.13
5017 -0.15
5019 -0.14
5021 -0.14
5023 -0.12
5025.01 -0.13
5027.01 -0.14
5029.01 -0.15
5031.01 -0.17
5033.01 -0.15
5035.01 -0.12
5037.01 -0.17
5039.01 -0.14
5041.01 -0.16
5043.01 -0.16
5045.01 -0.16
5047.01 -0.14
5049.01 -0.15
5051.01 -0.19
5053.01 -0.15
5055.01 -0.18
5057.01 -0.15
5059.01 -0.18
5061.01 -0.15
5063.01 -0.18
5065.01 -0.18
5067.01 -0.19
5069.01 -0.15
5071.01 -0.2
5073.01 -0.2
5075.02 -0.16
5077.02 -0.16
5079.02 -0.2
5081.02 -0.16
5083.02 -0.21
5085.02 -0.16
5087.02 -0.2
5089.02 -0.17
5091.02 -0.17
5093.02 -0.19
5095.02 -0.18
5097.02 -0.2
5099.02 -0.19
5101.02 -0.19
5103.02 -0.2
5105.02 -0.18
5107.02 -0.2
5109.02 -0.19
5111.02 -0.18
5113.02 -0.23
5115.02 -0.2
5117.02 -0.23
5119.02 -0.18
5121.02 -0.23
5123.02 -0.21
5125.03 -0.23
5127.03 -0.18
5129.03 -0.19
5131.03 -0.2
5133.03 -0.23
5135.03 -0.24
5137.03 -0.23
5139.03 -0.21
5141.03 -0.23
5143.03 -0.22
5145.03 -0.19
5147.03 -0.22
5149.03 -0.25
5151.03 -0.22
5153.03 -0.24
5155.03 -0.2
5157.03 -0.25
5159.03 -0.24
5161.03 -0.24
5163.03 -0.24
5165.03 -0.21
5167.03 -0.21
5169.03 -0.25
5171.03 -0.23
5173.03 -0.26
5175.04 -0.22
5177.04 -0.23
5179.04 -0.26
5181.04 -0.24
5183.04 -0.27
5185.04 -0.24
5187.04 -0.23
5189.04 -0.25
5191.04 -0.25
5193.04 -0.24
5195.04 -0.27
5197.04 -0.27
5199.04 -0.27
5201.04 -0.22
5203.04 -0.27
5205.04 -0.25
5207.04 -0.24
5209.04 -0.27
5211.04 -0.24
5213.04 -0.24
5215.04 -0.23
5217.04 -0.24
5219.04 -0.22
5221.04 -0.22
5223.04 -0.27
5225.05 -0.23
5227.05 -0.24
5229.05 -0.22
5231.05 -0.25
5233.05 -0.27
5235.05 -0.27
5237.05 -0.23
5239.05 -0.22
5241.05 -0.23
5243.05 -0.26
5245.05 -0.23
5247.05 -0.26
5249.05 -0.28
5251.05 -0.24
5253.05 -0.23
5255.05 -0.22
5257.05 -0.23
5259.05 -0.26
5261.05 -0.23
5263.05 -0.28
5265.05 -0.25
5267.05 -0.25
5269.05 -0.26
5271.05 -0.27
5273.05 -0.25
5275.06 -0.27
5277.06 -0.25
5279.06 -0.25
5281.06 -0.23
5283.06 -0.27
5285.06 -0.22
5287.06 -0.23
5289.06 -0.25
5291.06 -0.25
5293.06 -0.22
5295.06 -0.23
5297.06 -0.23
5299.06 -0.24
5301.06 -0.26
5303.06 -0.23
5305.06 -0.23
5307.06 -0.22
5309.06 -0.26
5311.06 -0.21
5313.06 -0.23
5315.06 -0.26
5317.06 -0.21
5319.06 -0.24
5321.06 -0.21
5323.06 -0.23
5325.07 -0.21
5327.07 -0.24
5329.07 -0.24
5331.07 -0.25
5333.07 -0.26
5335.07 -0.25
5337.07 -0.23
5339.07 -0.22
5341.07 -0.24
5343.07 -0.25
5345.07 -0.25
5347.07 -0.22
5349.07 -0.21
5351.07 -0.21
5353.07 -0.2
5355.07 -0.2
5357.07 -0.21
5359.07 -0.2
5361.07 -0.24
5363.07 -0.21
5365.07 -0.23
5367.07 -0.21
5369.07 -0.2
5371.07 -0.23
5373.07 -0.2
5375.08 -0.19
5377.08 -0.24
5379.08 -0.22
5381.08 -0.22
5383.08 -0.24
5385.08 -0.21
5387.08 -0.2
5389.08 -0.18
5391.08 -0.23
5393.08 -0.22
5395.08 -0.22
5397.08 -0.19
5399.08 -0.17
5401.08 -0.19
5403.08 -0.19
5405.08 -0.2
5407.08 -0.2
5409.08 -0.2
5411.08 -0.18
5413.08 -0.21
5415.08 -0.21
5417.08 -0.19
5419.08 -0.21
5421.08 -0.18
5423.08 -0.19
5425.09 -0.15
5427.09 -0.2
5429.09 -0.15
5431.09 -0.17
5433.09 -0.15
5435.09 -0.19
5437.09 -0.14
5439.09 -0.18
5441.09 -0.18
5443.09 -0.17
5445.09 -0.18
5447.09 -0.19
5449.09 -0.16
5451.09 -0.14
5453.09 -0.15
5455.09 -0.16
5457.09 -0.14
5459.09 -0.17
5461.09 -0.12
5463.09 -0.16
5465.09 -0.17
5467.09 -0.17
5469.09 -0.16
5471.09 -0.12
5473.09 -0.15
5475.1 -0.16
5477.1 -0.14
5479.1 -0.15
5481.1 -0.14
5483.1 -0.11
5485.1 -0.11
5487.1 -0.14
5489.1 -0.14
5491.1 -0.11
5493.1 -0.1
5495.1 -0.12
5497.1 -0.14
5499.1 -0.1
5501.1 -0.09
5503.1 -0.08
5505.1 -0.13
5507.1 -0.11
5509.1 -0.12
5511.1 -0.12
5513.1 -0.12
5515.1 -0.11
5517.1 -0.12
5519.1 -0.1
5521.1 -0.09
5523.1 -0.07
5525.11 -0.08
5527.11 -0.1
5529.11 -0.11
5531.11 -0.06
5533.11 -0.06
5535.11 -0.06
5537.11 -0.07
5539.11 -0.05
5541.11 -0.07
5543.11 -0.08
5545.11 -0.09
5547.11 -0.06
5549.11 -0.08
5551.11 -0.08
5553.11 -0.07
5555.11 -0.04
5557.11 -0.04
5559.11 -0.03
5561.11 -0.04
5563.11 -0.07
5565.11 -0.06
5567.11 -0.02
5569.11 -0.02
5571.11 -0.01
5573.11 -0.04
5575.12 -0.05
5577.12 -0.04
5579.12 -0.04
5581.12 -0.04
5583.12 -0.01
5585.12 -0.05
5587.12 0.01
5589.12 -0.04
5591.12 -0.03
5593.12 0
5595.12 -0.02
5597.12 -0.01
5599.12 0.01
5601.12 0.02
5603.12 0.03
5605.12 0.01
5607.12 0.02
5609.12 0.01
5611.12 0.03
5613.12 -0.01
5615.12 0.01
5617.12 0.03
5619.12 -0.01
5621.12 0.05
5623.12 0.04
5625.13 0
5627.13 0.03
5629.13 0.04
5631.13 0.05
5633.13 0.02
5635.13 0.06
5637.13 0.05
5639.13 0.03
5641.13 0.02
5643.13 0.06
5645.13 0.03
5647.13 0.03
5649.13 0.08
5651.13 0.08
5653.13 0.06
5655.13 0.08
5657.13 0.09
5659.13 0.05
5661.13 0.09
5663.13 0.06
5665.13 0.07
5667.13 0.04
5669.13 0.06
5671.13 0.06
5673.13 0.06
5675.14 0.06
5677.14 0.11
5679.14 0.1
5681.14 0.08
5683.14 0.09
5685.14 0.11
5687.14 0.07
5689.14 0.12
5691.14 0.11
5693.14 0.13
5695.14 0.09
5697.14 0.08
5699.14 0.11
5701.14 0.09
5703.14 0.13
5705.14 0.1
5707.14 0.13
5709.14 0.13
5711.14 0.09
5713.14 0.09
5715.14 0.11
5717.14 0.12
5719.14 0.12
5721.14 0.11
5723.14 0.15
5725.15 0.15
5727.15 0.14
5729.15 0.12
5731.15 0.14
5733.15 0.14
5735.15 0.15
5737.15 0.16
5739.15 0.12
5741.15 0.15
5743.15 0.15
5745.15 0.15
5747.15 0.16
5749.15 0.18
5751.15 0.13
5753.15 0.13
5755.15 0.14
5757.15 0.16
5759.15 0.18
5761.15 0.19
5763.15 0.19
5765.15 0.19
5767.15 0.16
5769.15 0.19
5771.15 0.18
5773.15 0.15
5775.16 0.18
5777.16 0.18
5779.16 0.18
5781.16 0.21
5783.16 0.21
5785.16 0.19
5787.16 0.21
5789.16 0.18
5791.16 0.18
5793.16 0.19
5795.16 0.21
5797.16 0.18
5799.16 0.19
5801.16 0.2
5803.16 0.19
5805.16 0.22
5807.16 0.17
5809.16 0.21
5811.16 0.21
5813.16 0.2
5815.16 0.23
5817.16 0.23
5819.16 0.19
5821.16 0.2
5823.16 0.2
5825.17 0.19
5827.17 0.22
5829.17 0.23
5831.17 0.23
5833.17 0.22
5835.17 0.23
5837.17 0.2
5839.17 0.2
5841.17 0.23
5843.17 0.24
5845.17 0.21
5847.17 0.24
5849.17 0.25
5851.17 0.2
5853.17 0.23
5855.17 0.24
5857.17 0.21
5859.17 0.23
5861.17 0.2
5863.17 0.25
5865.17 0.2
5867.17 0.24
5869.17 0.22
5871.17 0.22
5873.17 0.26
5875.18 0.23
5877.18 0.24
5879.18 0.25
5881.18 0.25
5883.18 0.22
5885.18 0.23
5887.18 0.23
5889.18 0.27
5891.18 0.23
5893.18 0.22
5895.18 0.27
5897.18 0.27
5899.18 0.27
5901.18 0.26
5903.18 0.26
5905.18 0.27
5907.18 0.27
5909.18 0.28
5911.18 0.22
5913.18 0.24
5915.18 0.25
5917.18 0.24
5919.18 0.22
5921.18 0.24
5923.18 0.26
5925.19 0.24
5927.19 0.26
5929.19 0.26
5931.19 0.23
5933.19 0.24
5935.19 0.22
5937.19 0.22
5939.19 0.27
5941.19 0.23
5943.19 0.25
5945.19 0.26
5947.19 0.26
5949.19 0.24
5951.19 0.24
5953.19 0.26
5955.19 0.27
5957.19 0.25
5959.19 0.23
5961.19 0.24
5963.19 0.25
5965.19 0.28
5967.19 0.28
5969.19 0.22
5971.19 0.25
5973.19 0.25
5975.2 0.25
5977.2 0.24
5979.2 0.26
5981.2 0.24
5983.2 0.27
5985.2 0.22
5987.2 0.27
5989.2 0.22
5991.2 0.24
5993.2 0.23
5995.2 0.25
5997.2 0.27
5999.2 0.22
6001.2 0.26
6003.2 0.26
6005.2 0.25
6007.2 0.24
6009.2 0.24
6011.2 0.25
6013.2 0.23
6015.2 0.26
6017.2 0.24
6019.2 0.24
6021.2 0.21
6023.2 0.23
6025.21 0.26
6027.21 0.25
6029.21 0.23
6031.21 0.22
6033.21 0.21
6035.21 0.24
6037.21 0.23
6039.21 0.25
6041.21 0.24
6043.21 0.21
6045.21 0.22
6047.21 0.24
6049.21 0.24
6051.21 0.25
6053.21 0.25
6055.21 0.23
6057.21 0.22
6059.21 0.22
6061.21 0.19
6063.21 0.24
6065.21 0.24
6067.21 0.23
6069.21 0.23
6071.21 0.24
6073.21 0.2
6075.22 0.2
6077.22 0.2
6079.22 0.22
6081.22 0.2
6083.22 0.23
6085.22 0.2
6087.22 0.21
6089.22 0.19
6091.22 0.21
6093.22 0.2
6095.22 0.23
6097.22 0.2
6099.22 0.19
6101.22 0.22
6103.22 0.2
6105.22 0.21
6107.22 0.17
6109.22 0.22
6111.22 0.19
6113.22 0.21
6115.22 0.2
6117.22 0.18
6119.22 0.21
6121.22 0.16
6123.22 0.2
6125.23 0.2
6127.23 0.18
6129.23 0.17
6131.23 0.17
6133.23 0.19
6135.23 0.17
6137.23 0.14
6139.23 0.19
6141.23 0.18
6143.23 0.17
6145.23 0.16
6147.23 0.17
6149.23 0.15
6151.23 0.17
6153.23 0.16
6155.23 0.14
6157.23 0.16
6159.23 0.17
6161.23 0.12
6163.23 0.15
6165.23 0.13
6167.23 0.13
6169.23 0.15
6171.23 0.16
6173.23 0.16
6175.24 0.11
6177.24 0.11
6179.24 0.13
6181.24 0.15
6183.24 0.14
6185.24 0.13
6187.24 0.11
6189.24 0.11
6191.24 0.12
6193.24 0.13
6195.24 0.12
6197.24 0.13
6199.24 0.1
6201.24 0.09
6203.24 0.13
6205.24 0.11
6207.24 0.11
6209.24 0.09
6211.24 0.13
6213.24 0.1
6215.24 0.09
6217.24 0.08
6219.24 0.11
6221.24 0.07
6223.24 0.1
6225.25 0.1
6227.25 0.06
6229.25 0.11
6231.25 0.08
6233.25 0.07
6235.25 0.08
6237.25 0.07
6239.25 0.09
6241.25 0.07
6243.25 0.04
6245.25 0.07
6247.25 0.06
6249.25 0.04
6251.25 0.03
6253.25 0.07
6255.25 0.02
6257.25 0.02
6259.25 0.02
6261.25 0.02
6263.25 0.03
6265.25 0.03
6267.25 0.02
6269.25 0.04
6271.25 0.06
6273.25 0.01
6275.26 0.05
6277.26 0
6279.26 0
6281.26 0.04
6283.26 0.04
6285.26 0.02
6287.26 0.04
6289.26 -0.01
6291.26 -0.01
6293.26 0.01
6295.26 -0.01
6297.26 0
6299.26 0.01
6301.26 -0.02
6303.26 -0.03
6305.26 -0.01
6307.26 -0.02
6309.26 0
6311.26 0
6313.26 0
6315.26 -0.01
6317.26 -0.03
6319.26 -0.01
6321.26 -0.05
6323.26 -0.05
6325.27 -0.04
6327.27 -0.02
6329.27 -0.04
6331.27 -0.02
6333.27 -0.06
6335.27 -0.04
6337.27 -0.04
6339.27 -0.07
6341.27 -0.03
6343.27 -0.03
6345.27 -0.03
6347.27 -0.04
6349.27 -0.04
6351.27 -0.04
6353.27 -0.08
6355.27 -0.08
6357.27 -0.05
6359.27 -0.04
6361.27 -0.09
6363.27 -0.07
6365.27 -0.09
6367.27 -0.05
6369.27 -0.07
6371.27 -0.07
6373.27 -0.11
6375.28 -0.08
6377.28 -0.11
6379.28 -0.1
6381.28 -0.06
6383.28 -0.12
6385.28 -0.07
6387.28 -0.12
6389.28 -0.11
6391.28 -0.07
6393.28 -0.11
6395.28 -0.11
6397.28 -0.12
6399.28 -0.09
6401.28 -0.12
6403.28 -0.09
6405.28 -0.13
6407.28 -0.12
6409.28 -0.13
6411.28 -0.15
6413.28 -0.1
6415.28 -0.11
6417.28 -0.12
6419.28 -0.16
6421.28 -0.14
6423.28 -0.15
6425.29 -0.14
6427.29 -0.13
6429.29 -0.17
6431.29 -0.12
6433.29 -0.12
6435.29 -0.16
6437.29 -0.15
6439.29 -0.17
6441.29 -0.13
6443.29 -0.13
6445.29 -0.16
6447.29 -0.17
6449.29 -0.12
6451.29 -0.14
6453.29 -0.16
6455.29 -0.19
6457.29 -0.17
6459.29 -0.15
6461.29 -0.18
6463.29 -0.17
6465.29 -0.17
6467.29 -0.18
6469.29 -0.17
6471.29 -0.19
6473.29 -0.15
6475.3 -0.15
6477.3 -0.19
6479.3 -0.15
6481.3 -0.18
6483.3 -0.15
6485.3 -0.16
6487.3 -0.17
6489.3 -0.16
6491.3 -0.16
6493.3 -0.18
6495.3 -0.18
6497.3 -0.19
6499.3 -0.19
6501.3 -0.2
6503.3 -0.22
6505.3 -0.19
6507.3 -0.19
6509.3 -0.2
6511.3 -0.21
6513.3 -0.19
6515.3 -0.22
6517.3 -0.19
6519.3 -0.22
6521.3 -0.18
6523.3 -0.2
6525.31 -0.24
6527.31 -0.21
6529.31 -0.2
6531.31 -0.24
6533.31 -0.23
6535.31 -0.2
6537.31 -0.19
6539.31 -0.24
6541.31 -0.2
6543.31 -0.25
6545.31 -0.19
6547.31 -0.2
6549.31 -0.2
6551.31 -0.22
6553.31 -0.21
6555.31 -0.22
6557.31 -0.23
6559.31 -0.25
6561.31 -0.2
6563.31 -0.24
6565.31 -0.21
6567.31 -0.26
6569.31 -0.22
6571.31 -0.21
6573.31 -0.23
6575.32 -0.23
6577.32 -0.26
6579.32 -0.22
6581.32 -0.26
6583.32 -0.25
6585.32 -0.24
6587.32 -0.23
6589.32 -0.21
6591.32 -0.23
6593.32 -0.23
6595.32 -0.24
6597.32 -0.23
6599.32 -0.23
6601.32 -0.22
6603.32 -0.23
6605.32 -0.25
6607.32 -0.25
6609.32 -0.24
6611.32 -0.25
6613.32 -0.27
6615.32 -0.23
6617.32 -0.23
6619.32 -0.26
6621.32 -0.27
6623.32 -0.27
6625.33 -0.27
6627.33 -0.23
6629.33 -0.22
6631.33 -0.24
6633.33 -0.27
6635.33 -0.23
6637.33 -0.25
6639.33 -0.24
6641.33 -0.24
6643.33 -0.23
6645.33 -0.28
6647.33 -0.24
6649.33 -0.25
6651.33 -0.22
6653.33 -0.27
6655.33 -0.25
6657.33 -0.23
6659.33 -0.27
6661.33 -0.27
6663.33 -0.22
6665.33 -0.22
6667.33 -0.26
6669.33 -0.23
6671.33 -0.23
6673.33 -0.24
6675.34 -0.27
6677.34 -0.24
6679.34 -0.24
6681.34 -0.24
6683.34 -0.26
6685.34 -0.23
6687.34 -0.25
6689.34 -0.24
6691.34 -0.24
6693.34 -0.23
6695.34 -0.24
6697.34 -0.25
6699.34 -0.23
6701.34 -0.24
6703.34 -0.25
6705.34 -0.26
6707.34 -0.22
6709.34 -0.26
6711.34 -0.22
6713.34 -0.26
6715.34 -0.25
6717.34 -0.22
6719.34 -0.26
6721.34 -0.26
6723.34 -0.26
6725.35 -0.21
6727.35 -0.22
6729.35 -0.22
6731.35 -0.22
6733.35 -0.26
6735.35 -0.26
6737.35 -0.26
6739.35 -0.21
6741.35 -0.21
6743.35 -0.24
6745.35 -0.25
6747.35 -0.23
6749.35 -0.23
6751.35 -0.24
6753.35 -0.21
6755.35 -0.21
6757.35 -0.2
6759.35 -0.22
6761.35 -0.25
6763.35 -0.2
6765.35 -0.24
6767.35 -0.23
6769.35 -0.21
6771.35 -0.23
6773.35 -0.23
6775.36 -0.19
6777.36 -0.21
6779.36 -0.23
6781.36 -0.22
6783.36 -0.2
6785.36 -0.18
6787.36 -0.18
6789.36 -0.22
6791.36 -0.22
6793.36 -0.2
6795.36 -0.22
6797.36 -0.17
6799.36 -0.2
6801.36 -0.18
6803.36 -0.22
6805.36 -0.19
6807.36 -0.19
6809.36 -0.16
6811.36 -0.21
6813.36 -0.21
6815.36 -0.16
6817.36 -0.2
6819.36 -0.19
6821.36 -0.17
6823.36 -0.16
6825.37 -0.2
6827.37 -0.17
6829.37 -0.15
6831.37 -0.18
6833.37 -0.16
6835.37 -0.18
6837.37 -0.18
6839.37 -0.16
6841.37 -0.19
6843.37 -0.15
6845.37 -0.19
6847.37 -0.16
6849.37 -0.16
6851.37 -0.17
6853.37 -0.18
6855.37 -0.14
6857.37 -0.16
6859.37 -0.13
6861.37 -0.16
6863.37 -0.14
6865.37 -0.14
6867.37 -0.12
6869.37 -0.15
6871.37 -0.14
6873.37 -0.13
6875.38 -0.16
6877.38 -0.12
6879.38 -0.15
6881.38 -0.13
6883.38 -0.11
6885.38 -0.12
6887.38 -0.13
6889.38 -0.15
6891.38 -0.15
6893.38 -0.14
6895.38 -0.11
6897.38 -0.13
6899.38 -0.09
6901.38 -0.12
6903.38 -0.1
6905.38 -0.08
6907.38 -0.1
6909.38 -0.11
6911.38 -0.11
6913.38 -0.07
6915.38 -0.11
6917.38 -0.06
6919.38 -0.11
6921.38 -0.1
6923.38 -0.1
6925.39 -0.1
6927.39 -0.09
6929.39 -0.05
6931.39 -0.08
6933.39 -0.05
6935.39 -0.07
6937.39 -0.09
6939.39 -0.08
6941.39 -0.06
6943.39 -0.05
6945.39 -0.07
6947.39 -0.04
6949.39 -0.08
6951.39 -0.06
6953.39 -0.04
6955.39 -0.05
6957.39 -0.05
6959.39 -0.03
6961.39 -0.05
6963.39 -0.03
6965.39 -0.05
6967.39 -0.04
6969.39 -0.06
6971.39 -0.03
6973.39 -0.02
6975.4 0
6977.4 -0.04
6979.4 -0.04
6981.4 -0.04
6983.4 -0.01
6985.4 -0.05
6987.4 -0.05
6989.4 0.01
6991.4 0.02
6993.4 0.01
6995.4 0
6997.4 0.01
6999.4 0.01
7001.4 0.03
7003.4 0.01
7005.4 0.01
7007.4 -0.01
7009.4 -0.02
7011.4 0
7013.4 0
7015.4 -0.01
7017.4 -0.01
7019.4 0
7021.4 0.04
7023.4 0.05
7025.41 0.01
7027.41 0.05
7029.41 0.06
7031.41 0.05
7033.41 0.05
7035.41 0.02
7037.41 0.01
7039.41 0.03
7041.41 0.02
7043.41 0.07
7045.41 0.07
7047.41 0.03
7049.41 0.04
7051.41 0.03
7053.41 0.05
7055.41 0.08
7057.41 0.08
7059.41 0.07
7061.41 0.06
7063.41 0.05
7065.41 0.08
7067.41 0.1
7069.41 0.1
7071.41 0.09
7073.41 0.06
7075.42 0.11
7077.42 0.09
7079.42 0.11
7081.42 0.09
7083.42 0.07
7085.42 0.11
7087.42 0.09
7089.42 0.12
7091.42 0.07
7093.42 0.13
7095.42 0.1
7097.42 0.1
7099.42 0.1
7101.42 0.12
7103.42 0.14
7105.42 0.08
7107.42 0.14
7109.42 0.14
7111.42 0.09
7113.42 0.09
7115.42 0.11
7117.42 0.1
7119.42 0.13
7121.42 0.11
7123.42 0.15
7125.43 0.13
7127.43 0.15
7129.43 0.15
7131.43 0.15
7133.43 0.12
7135.43 0.12
7137.43 0.11
7139.43 0.16
7141.43 0.14
7143.43 0.15
7145.43 0.15
7147.43 0.17
7149.43 0.15
7151.43 0.13
7153.43 0.17
7155.43 0.19
7157.43 0.17
7159.43 0.16
7161.43 0.16
7163.43 0.17
7165.43 0.17
7167.43 0.18
7169.43 0.19
7171.43 0.18
7173.43 0.19
7175.44 0.17
7177.44 0.2
7179.44 0.18
7181.44 0.17
7183.44 0.2
7185.44 0.16
7187.44 0.18
7189.44 0.21
7191.44 0.2
7193.44 0.2
7195.44 0.19
7197.44 0.18
7199.44 0.21
7201.44 0.21
7203.44 0.22
7205.44 0.2
7207.44 0.21
7209.44 0.21
7211.44 0.18
7213.44 0.19
7215.44 0.21
7217.44 0.24
7219.44 0.22
7221.44 0.18
7223.44 0.21
7225.45 0.21
7227.45 0.19
7229.45 0.21
7231.45 0.2
7233.45 0.24
7235.45 0.22
7237.45 0.2
7239.45 0.21
7241.45 0.24
7243.45 0.22
7245.45 0.2
7247.45 0.2
7249.45 0.22
7251.45 0.22
7253.45 0.2
7255.45 0.25
7257.45 0.24
7259.45 0.2
7261.45 0.24
7263.45 0.26
7265.45 0.2
7267.45 0.24
7269.45 0.23
7271.45 0.26
7273.45 0.24
7275.46 0.24
7277.46 0.24
7279.46 0.24
7281.46 0.25
7283.46 0.26
7285.46 0.23
7287.46 0.26
7289.46 0.22
7291.46 0.21
7293.46 0.25
7295.46 0.22
7297.46 0.25
7299.46 0.22
7301.46 0.24
7303.46 0.26
7305.46 0.22
7307.46 0.24
7309.46 0.24
7311.46 0.26
7313.46 0.27
7315.46 0.23
7317.46 0.27
7319.46 0.26
7321.46 0.26
7323.46 0.25
7325.47 0.22
7327.47 0.27
7329.47 0.23
7331.47 0.24
7333.47 0.23
7335.47 0.26
7337.47 0.25
7339.47 0.27
7341.47 0.24
7343.47 0.26
7345.47 0.26
7347.47 0.23
7349.47 0.28
7351.47 0.24
7353.47 0.26
7355.47 0.26
7357.47 0.22
7359.47 0.22
7361.47 0.25
7363.47 0.26
7365.47 0.26
7367.47 0.26
7369.47 0.25
7371.47 0.28
7373.47 0.24
7375.48 0.26
7377.48 0.27
7379.48 0.22
7381.48 0.28
7383.48 0.27
7385.48 0.27
7387.48 0.24
7389.48 0.22
7391.48 0.25
7393.48 0.26
7395.48 0.25
7397.48 0.27
7399.48 0.23
7401.48 0.26
7403.48 0.25
7405.48 0.26
7407.48 0.26
7409.48 0.23
7411.48 0.26
7413.48 0.27
7415.48 0.27
7417.48 0.27
7419.48 0.23
7421.48 0.24
7423.48 0.22
7425.49 0.22
7427.49 0.23
7429.49 0.22
7431.49 0.21
7433.49 0.22
7435.49 0.23
7437.49 0.26
7439.49 0.23
7441.49 0.21
7443.49 0.24
7445.49 0.25
7447.49 0.22
7449.49 0.22
7451.49 0.22
7453.49 0.19
7455.49 0.21
7457.49 0.2
7459.49 0.22
7461.49 0.22
7463.49 0.19
7465.49 0.23
7467.49 0.19
7469.49 0.22
7471.49 0.23
7473.49 0.23
7475.5 0.22
7477.5 0.19
7479.5 0.19
7481.5 0.2
7483.5 0.21
7485.5 0.22
7487.5 0.18
7489.5 0.19
7491.5 0.17
7493.5 0.21
7495.5 0.17
7497.5 0.17
7499.5 0.2
7501.5 0.17
7503.5 0.22
7505.5 0.21
7507.5 0.18
7509.5 0.18
7511.5 0.17
7513.5 0.19
7515.5 0.2
7517.5 0.2
7519.5 0.18
7521.5 0.18
7523.5 0.2
7525.51 0.16
7527.51 0.18
7529.51 0.18
7531.51 0.17
7533.51 0.2
7535.51 0.2
7537.51 0.16
7539.51 0.18
7541.51 0.17
7543.51 0.16
7545.51 0.14
7547.51 0.16
7549.51 0.15
7551.51 0.15
7553.51 0.18
7555.51 0.12
7557.51 0.16
7559.51 0.13
7561.51 0.12
7563.51 0.13
7565.51 0.13
7567.51 0.12
7569.51 0.17
7571.51 0.14
7573.51 0.16
7575.52 0.16
7577.52 0.15
7579.52 0.14
7581.52 0.14
7583.52 0.11
7585.52 0.14
7587.52 0.13
7589.52 0.11
7591.52 0.11
7593.52 0.1
7595.52 0.12
7597.52 0.14
7599.52 0.1
7601.52 0.1
7603.52 0.08
7605.52 0.13
7607.52 0.09
7609.52 0.09
7611.52 0.07
7613.52 0.09
7615.52 0.07
7617.52 0.07
7619.52 0.07
7621.52 0.11
7623.52 0.09
7625.53 0.11
7627.53 0.07
7629.53 0.09
7631.53 0.09
7633.53 0.1
7635.53 0.07
7637.53 0.08
7639.53 0.05
7641.53 0.08
7643.53 0.07
7645.53 0.06
7647.53 0.03
7649.53 0.08
7651.53 0.06
7653.53 0.06
7655.53 0.07
7657.53 0.06
7659.53 0.05
7661.53 0.07
7663.53 0.06
7665.53 0.06
7667.53 0.03
7669.53 0.01
7671.53 0.02
7673.53 0.04
7675.54 0.02
7677.54 0.05
7679.54 0
7681.54 0.04
7683.54 0.04
7685.54 0.03
7687.54 0.05
7689.54 0.02
7691.54 0.03
7693.54 0.01
7695.54 0.02
7697.54 0.01
7699.54 0.02
7701.54 -0.03
7703.54 -0.02
7705.54 -0.02
7707.54 0.01
7709.54 0.01
7711.54 0.02
7713.54 0.01
7715.54 -0.02
7717.54 -0.02
7719.54 -0.01
7721.54 -0.05
7723.54 0
7725.55 -0.05
7727.55 0
7729.55 -0.02
7731.55 -0.02
7733.55 -0.02
7735.55 -0.03
7737.55 -0.01
7739.55 -0.03
7741.55 -0.03
7743.55 -0.04
7745.55 -0.07
7747.55 -0.07
7749.55 -0.06
7751.55 -0.08
7753.55 -0.03
7755.55 -0.08
7757.55 -0.06
7759.55 -0.05
7761.55 -0.07
7763.55 -0.05
7765.55 -0.05
7767.55 -0.1
7769.55 -0.05
7771.55 -0.1
7773.55 -0.06
7775.56 -0.09
7777.56 -0.06
7779.56 -0.08
7781.56 -0.11
7783.56 -0.12
7785.56 -0.12
7787.56 -0.12
7789.56 -0.09
7791.56 -0.08
7793.56 -0.12
7795.56 -0.08
7797.56 -0.1
7799.56 -0.08
7801.56 -0.13
7803.56 -0.13
7805.56 -0.13
7807.56 -0.14
7809.56 -0.13
7811.56 -0.11
7813.56 -0.09
7815.56 -0.15
7817.56 -0.1
7819.56 -0.15
7821.56 -0.12
7823.56 -0.16
7825.57 -0.12
7827.57 -0.15
7829.57 -0.11
7831.57 -0.13
7833.57 -0.16
7835.57 -0.14
7837.57 -0.13
7839.57 -0.16
7841.57 -0.15
7843.57 -0.13
7845.57 -0.16
7847.57 -0.15
7849.57 -0.17
7851.57 -0.18
7853.57 -0.18
7855.57 -0.16
7857.57 -0.19
7859.57 -0.18
7861.57 -0.14
7863.57 -0.16
7865.57 -0.16
7867.57 -0.19
7869.57 -0.14
7871.57 -0.17
7873.57 -0.15
7875.58 -0.17
7877.58 -0.19
7879.58 -0.2
7881.58 -0.16
7883.58 -0.18
7885.58 -0.17
7887.58 -0.16
7889.58 -0.18
7891.58 -0.18
7893.58 -0.16
7895.58 -0.21
7897.58 -0.18
7899.58 -0.2
7901.58 -0.18
7903.58 -0.23
7905.58 -0.22
7907.58 -0.22
7909.58 -0.22
7911.58 -0.18
7913.58 -0.22
7915.58 -0.23
7917.58 -0.18
7919.58 -0.23
7921.58 -0.19
7923.58 -0.23
7925.59 -0.21
7927.59 -0.2
7929.59 -0.22
7931.59 -0.21
7933.59 -0.2
7935.59 -0.21
7937.59 -0.22
7939.59 -0.23
7941.59 -0.23
7943.59 -0.2
7945.59 -0.22
7947.59 -0.24
7949.59 -0.22
7951.59 -0.24
7953.59 -0.23
7955.59 -0.22
7957.59 -0.2
7959.59 -0.2
7961.59 -0.22
7963.59 -0.21
7965.59 -0.23
7967.59 -0.26
7969.59 -0.25
7971.59 -0.25
7973.59 -0.21
7975.6 -0.21
7977.6 -0.26
7979.6 -0.25
7981.6 -0.24
7983.6 -0.27
7985.6 -0.23
7987.6 -0.21
7989.6 -0.26
7991.6 -0.22
7993.6 -0.24
7995.6 -0.24
7997.6 -0.27
7999.6 -0.24
8001.6 -0.24
8003.6 -0.24
8005.6 -0.23
8007.6 -0.25
8009.6 -0.22
8011.6 -0.27
8013.6 -0.22
8015.6 -0.24
8017.6 -0.27
8019.6 -0.24
8021.6 -0.25
8023.6 -0.27
8025.61 -0.27
8027.61 -0.26
8029.61 -0.22
8031.61 -0.22
8033.61 -0.28
8035.61 -0.24
8037.61 -0.24
8039.61 -0.26
8041.61 -0.23
8043.61 -0.22
8045.61 -0.24
8047.61 -0.26
8049.61 -0.25
8051.61 -0.27
8053.61 -0.27
8055.61 -0.25
8057.61 -0.25
8059.61 -0.25
8061.61 -0.25
8063.61 -0.26
8065.61 -0.24
8067.61 -0.22
8069.61 -0.25
8071.61 -0.23
8073.61 -0.24
8075.62 -0.23
8077.62 -0.26
8079.62 -0.26
8081.62 -0.22
8083.62 -0.27
8085.62 -0.27
8087.62 -0.27
8089.62 -0.24
8091.62 -0.25
8093.62 -0.25
8095.62 -0.26
8097.62 -0.22
8099.62 -0.27
8101.62 -0.25
8103.62 -0.23
8105.62 -0.26
8107.62 -0.22
8109.62 -0.27
8111.62 -0.23
8113.62 -0.24
8115.62 -0.23
8117.62 -0.25
8119.62 -0.26
8121.62 -0.23
8123.62 -0.22
8125.63 -0.22
8127.63 -0.23
8129.63 -0.24
8131.63 -0.25
8133.63 -0.26
8135.63 -0.25
8137.63 -0.2
8139.63 -0.22
8141.63 -0.24
8143.63 -0.24
8145.63 -0.23
8147.63 -0.21
8149.63 -0.2
8151.63 -0.22
8153.63 -0.25
8155.63 -0.24
8157.63 -0.23
8159.63 -0.22
8161.63 -0.22
8163.63 -0.23
8165.63 -0.19
8167.63 -0.24
8169.63 -0.19
8171.63 -0.2
8173.63 -0.2
8175.64 -0.21
8177.64 -0.2
8179.64 -0.23
8181.64 -0.22
8183.64 -0.2
8185.64 -0.19
8187.64 -0.22
8189.64 -0.23
8191.64 -0.2
8193.64 -0.21
8195.64 -0.23
8197.64 -0.23
8199.64 -0.18
8201.64 -0.17
8203.64 -0.2
8205.64 -0.2
8207.64 -0.2
8209.64 -0.22
8211.64 -0.19
8213.64 -0.19
8215.64 -0.2
8217.64 -0.19
8219.64 -0.21
8221.64 -0.18
8223.64 -0.18
8225.65 -0.16
8227.65 -0.16
8229.65 -0.18
8231.65 -0.19
8233.65 -0.16
8235.65 -0.15
8237.65 -0.18
8239.65 -0.19
8241.65 -0.17
8243.65 -0.17
8245.65 -0.14
8247.65 -0.17
8249.65 -0.14
8251.65 -0.16
8253.65 -0.17
8255.65 -0.17
8257.65 -0.15
8259.65 -0.17
8261.65 -0.17
8263.65 -0.14
8265.65 -0.16
8267.65 -0.11
8269.65 -0.15
8271.65 -0.14
8273.65 -0.11
8275.66 -0.13
8277.66 -0.15
8279.66 -0.11
8281.66 -0.1
8283.66 -0.12
8285.66 -0.14
8287.66 -0.14
8289.66 -0.15
8291.66 -0.11
8293.66 -0.14
8295.66 -0.14
8297.66 -0.1
8299.66 -0.09
8301.66 -0.11
8303.66 -0.08
8305.66 -0.1
8307.66 -0.08
8309.66 -0.12
8311.66 -0.11
8313.66 -0.12
8315.66 -0.12
8317.66 -0.07
8319.66 -0.06
8321.66 -0.1
8323.66 -0.08
8325.67 -0.11
8327.67 -0.08
8329.67 -0.06
8331.67 -0.05
8333.67 -0.08
8335.67 -0.07
8337.67 -0.09
8339.67 -0.09
8341.67 -0.07
8343.67 -0.09
8345.67 -0.07
8347.67 -0.07
8349.67 -0.07
8351.67 -0.07
8353.67 -0.08
8355.67 -0.05
8357.67 -0.03
8359.67 -0.02
8361.67 -0.05
8363.67 -0.03
8365.67 -0.03
8367.67 -0.04
8369.67 -0.05
8371.67 -0.04
8373.67 -0.03
8375.68 -0.02
8377.68 -0.05
8379.68 -0.03
8381.68 -0.04
8383.68 0
8385.68 0
8387.68 -0.02
8389.68 -0.02
8391.68 0
8393.68 0.02
8395.68 -0.03
8397.68 -0.02
8399.68 0.01
8401.68 0.03
8403.68 -0.01
8405.68 0.03
8407.68 -0.01
8409.68 0
8411.68 0.01
8413.68 0
8415.68 -0.01
8417.68 0.04
8419.68 0
8421.68 0.03
8423.68 0.04
8425.69 0.04
8427.69 0.04
8429.69 0.05
8431.69 0.05
8433.69 0.03
8435.69 0.03
8437.69 0.03
8439.69 0.02
8441.69 0.03
8443.69 0.05
8445.69 0.03
8447.69 0.07
8449.69 0.08
8451.69 0.07
8453.69 0.05
8455.69 0.04
8457.69 0.06
8459.69 0.08
8461.69 0.06
8463.69 0.06
8465.69 0.06
8467.69 0.07
8469.69 0.07
8471.69 0.07
8473.69 0.09
8475.7 0.1
8477.7 0.06
8479.7 0.07
8481.7 0.08
8483.7 0.06
8485.7 0.08
8487.7 0.08
8489.7 0.11
8491.7 0.12
8493.7 0.07
8495.7 0.1
8497.7 0.1
8499.7 0.1
8501.7 0.11
8503.7 0.11
8505.7 0.12
8507.7 0.14
8509.7 0.09
8511.7 0.12
8513.7 0.13
8515.7 0.13
8517.7 0.1
8519.7 0.14
8521.7 0.11
8523.7 0.14
8525.71 0.14
8527.71 0.11
8529.71 0.13
8531.71 0.14
8533.71 0.15
8535.71 0.17
8537.71 0.14
8539.71 0.15
8541.71 0.12
8543.71 0.14
8545.71 0.13
8547.71 0.12
8549.71 0.13
8551.71 0.13
8553.71 0.17
8555.71 0.16
8557.71 0.14
8559.71 0.19
8561.71 0.19
8563.71 0.19
8565.71 0.18
8567.71 0.16
8569.71 0.16
8571.71 0.19
8573.71 0.16
8575.72 0.19
8577.72 0.16
8579.72 0.19
8581.72 0.16
8583.72 0.16
8585.72 0.19
8587.72 0.21
8589.72 0.19
8591.72 0.18
8593.72 0.19
8595.72 0.17
8597.72 0.19
8599.72 0.21
8601.72 0.19
8603.72 0.2
8605.72 0.17
8607.72 0.18
8609.72 0.21
8611.72 0.21
8613.72 0.19
8615.72 0.18
8617.72 0.19
8619.72 0.18
8621.72 0.19
8623.72 0.22
8625.73 0.22
8627.73 0.24
8629.73 0.21
8631.73 0.2
8633.73 0.19
8635.73 0.2
8637.73 0.21
8639.73 0.23
8641.73 0.2
8643.73 0.19
8645.73 0.23
8647.73 0.21
8649.73 0.22
8651.73 0.2
8653.73 0.2
8655.73 0.24
8657.73 0.21
8659.73 0.22
8661.73 0.21
8663.73 0.21
8665.73 0.26
8667.73 0.22
8669.73 0.22
8671.73 0.23
8673.73 0.22
8675.74 0.26
8677.74 0.26
8679.74 0.26
8681.74 0.21
8683.74 0.23
8685.74 0.26
8687.74 0.23
8689.74 0.24
8691.74 0.22
8693.74 0.24
8695.74 0.22
8697.74 0.24
8699.74 0.27
8701.74 0.22
8703.74 0.24
8705.74 0.23
8707.74 0.26
8709.74 0.22
8711.74 0.23
8713.74 0.25
8715.74 0.27
8717.74 0.26
8719.74 0.22
8721.74 0.25
8723.74 0.27
8725.75 0.28
8727.75 0.22
8729.75 0.27
8731.75 0.25
8733.75 0.22
8735.75 0.23
8737.75 0.26
8739.75 0.24
8741.75 0.28
8743.75 0.25
8745.75 0.25
8747.75 0.26
8749.75 0.25
8751.75 0.23
8753.75 0.26
8755.75 0.25
8757.75 0.24
8759.75 0.27
8761.75 0.23
8763.75 0.28
8765.75 0.26
8767.75 0.26
8769.75 0.28
8771.75 0.26
8773.75 0.28
8775.76 0.23
8777.76 0.24
8779.76 0.25
8781.76 0.26
8783.76 0.25
8785.76 0.22
8787.76 0.27
8789.76 0.25
8791.76 0.24
8793.76 0.24
8795.76 0.25
8797.76 0.27
8799.76 0.23
8801.76 0.22
8803.76 0.26
8805.76 0.26
8807.76 0.23
8809.76 0.25
8811.76 0.25
8813.76 0.26
8815.76 0.25
8817.76 0.23
8819.76 0.22
8821.76 0.26
8823.76 0.22
8825.77 0.24
8827.77 0.23
8829.77 0.23
8831.77 0.25
8833.77 0.21
8835.77 0.22
8837.77 0.25
8839.77 0.22
8841.77 0.23
8843.77 0.26
8845.77 0.22
8847.77 0.24
8849.77 0.25
8851.77 0.21
8853.77 0.21
8855.77 0.24
8857.77 0.25
8859.77 0.24
8861.77 0.24
8863.77 0.24
8865.77 0.22
8867.77 0.23
8869.77 0.21
8871.77 0.22
8873.77 0.23
8875.78 0.18
8877.78 0.19
8879.78 0.23
8881.78 0.22
8883.78 0.23
8885.78 0.21
8887.78 0.23
8889.78 0.23
8891.78 0.21
8893.78 0.22
8895.78 0.21
8897.78 0.2
8899.78 0.18
8901.78 0.2
8903.78 0.18
8905.78 0.17
8907.78 0.18
8909.78 0.16
8911.78 0.19
8913.78 0.22
8915.78 0.17
8917.78 0.16
8919.78 0.17
8921.78 0.16
8923.78 0.16
8925.79 0.19
8927.79 0.2
8929.79 0.2
8931.79 0.2
8933.79 0.14
8935.79 0.18
8937.79 0.19
8939.79 0.17
8941.79 0.18
8943.79 0.18
8945.79 0.13
8947.79 0.15
8949.79 0.14
8951.79 0.18
8953.79 0.17
8955.79 0.13
8957.79 0.13
8959.79 0.12
8961.79 0.12
8963.79 0.12
8965.79 0.17
8967.79 0.13
8969.79 0.14
8971.79 0.14
8973.79 0.15
8975.8 0.12
8977.8 0.15
8979.8 0.13
8981.8 0.16
8983.8 0.11
8985.8 0.12
8987.8 0.1
8989.8 0.12
8991.8 0.11
8993.8 0.11
8995.8 0.13
8997.8 0.14
8999.8 0.11
9001.8 0.12
9003.8 0.12
9005.8 0.13
9007.8 0.12
9009.8 0.11
9011.8 0.11
9013.8 0.1
9015.8 0.12
9017.8 0.11
9019.8 0.07
9021.8 0.11
9023.8 0.07
9025.81 0.08
9027.81 0.09
9029.81 0.08
9031.81 0.09
9033.81 0.09
9035.81 0.04
9037.81 0.05
9039.81 0.05
9041.81 0.06
9043.81 0.05
9045.81 0.06
9047.81 0.05
9049.81 0.09
9051.81 0.08
9053.81 0.07
9055.81 0.05
9057.81 0.08
9059.81 0.06
9061.81 0.07
9063.81 0.02
9065.81 0.03
9067.81 0.02
9069.81 0.03
9071.81 0.03
9073.81 0.02
9075.82 0.01
9077.82 0.03
9079.82 0.04
9081.82 -0.01
9083.82 -0.01
9085.82 0.02
9087.82 0.02
9089.82 0.01
9091.82 0
9093.82 0
9095.82 0
9097.82 0.02
9099.82 -0.01
9101.82 0.02
9103.82 -0.01
9105.82 -0.01
9107.82 0
9109.82 0
9111.82 0
9113.82 -0.03
9115.82 0.01
9117.82 0.01
9119.82 -0.02
9121.82 -0.01
9123.82 -0.05
9125.83 -0.04
9127.83 -0.04
9129.83 -0.04
9131.83 -0.03
9133.83 -0.02
9135.83 -0.05
9137.83 -0.02
9139.83 -0.06
9141.83 -0.02
9143.83 -0.04
9145.83 -0.06
9147.83 -0.02
9149.83 -0.05
9151.83 -0.08
9153.83 -0.08
9155.83 -0.07
9157.83 -0.04
9159.83 -0.06
9161.83 -0.07
9163.83 -0.09
9165.83 -0.09
9167.83 -0.06
9169.83 -0.06
9171.83 -0.07
9173.83 -0.09
9175.84 -0.06
9177.84 -0.09
9179.84 -0.11
9181.84 -0.08
9183.84 -0.11
9185.84 -0.07
9187.84 -0.1
9189.84 -0.07
9191.84 -0.08
9193.84 -0.09
9195.84 -0.11
9197.84 -0.1
9199.84 -0.1
9201.84 -0.1
9203.84 -0.1
9205.84 -0.1
9207.84 -0.12
9209.84 -0.1
9211.84 -0.12
9213.84 -0.1
9215.84 -0.13
9217.84 -0.15
9219.84 -0.11
9221.84 -0.12
9223.84 -0.16
9225.85 -0.15
9227.85 -0.11
9229.85 -0.16
9231.85 -0.12
9233.85 -0.14
9235.85 -0.13
9237.85 -0.14
9239.85 -0.12
9241.85 -0.14
9243.85 -0.14
9245.85 -0.15
9247.85 -0.18
9249.85 -0.16
9251.85 -0.13
9253.85 -0.15
9255.85 -0.16
9257.85 -0.16
9259.85 -0.16
9261.85 -0.19
9263.85 -0.18
9265.85 -0.18
9267.85 -0.18
9269.85 -0.16
9271.85 -0.17
9273.85 -0.18
9275.86 -0.18
9277.86 -0.16
9279.86 -0.17
9281.86 -0.19
9283.86 -0.2
9285.86 -0.2
9287.86 -0.17
9289.86 -0.21
9291.86 -0.21
9293.86 -0.21
9295.86 -0.19
9297.86 -0.2
9299.86 -0.21
9301.86 -0.17
9303.86 -0.22
9305.86 -0.21
9307.86 -0.18
9309.86 -0.18
9311.86 -0.2
9313.86 -0.22
9315.86 -0.18
9317.86 -0.18
9319.86 -0.2
9321.86 -0.22
9323.86 -0.22
9325.87 -0.18
9327.87 -0.2
9329.87 -0.22
9331.87 -0.2
9333.87 -0.22
9335.87 -0.21
9337.87 -0.23
9339.87 -0.23
9341.87 -0.24
9343.87 -0.21
9345.87 -0.23
9347.87 -0.21
9349.87 -0.23
9351.87 -0.22
9353.87 -0.25
9355.87 -0.2
9357.87 -0.21
9359.87 -0.21
9361.87 -0.21
9363.87 -0.2
9365.87 -0.21
9367.87 -0.22
9369.87 -0.24
9371.87 -0.22
9373.87 -0.25
9375.88 -0.22
9377.88 -0.23
9379.88 -0.23
9381.88 -0.23
9383.88 -0.25
9385.88 -0.22
9387.88 -0.27
9389.88 -0.22
9391.88 -0.26
9393.88 -0.24
9395.88 -0.22
9397.88 -0.22
9399.88 -0.23
9401.88 -0.22
9403.88 -0.23
9405.88 -0.27
9407.88 -0.27
9409.88 -0.23
9411.88 -0.25
9413.88 -0.24
9415.88 -0.25
9417.88 -0.27
9419.88 -0.24
9421.88 -0.24
9423.88 -0.24
9425.89 -0.28
9427.89 -0.27
9429.89 -0.28
9431.89 -0.24
9433.89 -0.23
9435.89 -0.24
9437.89 -0.23
9439.89 -0.23
9441.89 -0.27
9443.89 -0.24
9445.89 -0.24
9447.89 -0.22
9449.89 -0.27
9451.89 -0.24
9453.89 -0.28
9455.89 -0.26
9457.89 -0.25
9459.89 -0.26
9461.89 -0.25
9463.89 -0.27
9465.89 -0.24
9467.89 -0.23
9469.89 -0.26
9471.89 -0.23
9473.89 -0.22
9475.9 -0.23
9477.9 -0.25
9479.9 -0.25
9481.9 -0.22
9483.9 -0.23
9485.9 -0.22
9487.9 -0.26
9489.9 -0.27
9491.9 -0.22
9493.9 -0.25
9495.9 -0.23
9497.9 -0.23
9499.9 -0.24
9501.9 -0.25
9503.9 -0.24
9505.9 -0.26
9507.9 -0.27
9509.9 -0.26
9511.9 -0.25
9513.9 -0.26
9515.9 -0.25
9517.9 -0.26
9519.9 -0.26
9521.9 -0.27
9523.9 -0.21
9525.91 -0.21
9527.91 -0.23
9529.91 -0.26
9531.91 -0.24
9533.91 -0.21
9535.91 -0.23
9537.91 -0.23
9539.91 -0.25
9541.91 -0.2
9543.91 -0.26
9545.91 -0.26
9547.91 -0.21
9549.91 -0.23
9551.91 -0.21
9553.91 -0.24
9555.91 -0.2
9557.91 -0.21
9559.91 -0.22
9561.91 -0.24
9563.91 -0.19
9565.91 -0.19
9567.91 -0.24
9569.91 -0.19
9571.91 -0.21
9573.91 -0.19
9575.92 -0.21
9577.92 -0.22
9579.92 -0.21
9581.92 -0.2
9583.92 -0.23
9585.92 -0.21
9587.92 -0.19
9589.92 -0.2
9591.92 -0.22
9593.92 -0.17
9595.92 -0.2
9597.92 -0.22
9599.92 -0.21
9601.92 -0.17
9603.92 -0.18
9605.92 -0.19
9607.92 -0.22
9609.92 -0.22
9611.92 -0.2
9613.92 -0.18
9615.92 -0.17
9617.92 -0.2
9619.92 -0.21
9621.92 -0.2
9623.92 -0.17
9625.93 -0.15
9627.93 -0.17
9629.93 -0.15
9631.93 -0.15
9633.93 -0.17
9635.93 -0.15
9637.93 -0.18
9639.93 -0.19
9641.93 -0.17
9643.93 -0.18
9645.93 -0.17
9647.93 -0.15
9649.93 -0.16
9651.93 -0.17
9653.93 -0.17
9655.93 -0.16
9657.93 -0.16
9659.93 -0.14
9661.93 -0.13
9663.93 -0.16
9665.93 -0.14
9667.93 -0.16
9669.93 -0.11
9671.93 -0.12
9673.93 -0.11
9675.94 -0.13
9677.94 -0.11
9679.94 -0.13
9681.94 -0.16
9683.94 -0.14
9685.94 -0.13
9687.94 -0.11
9689.94 -0.15
9691.94 -0.14
9693.94 -0.1
9695.94 -0.12
9697.94 -0.09
9699.94 -0.1
9701.94 -0.13
9703.94 -0.09
9705.94 -0.09
9707.94 -0.11
9709.94 -0.09
9711.94 -0.07
9713.94 -0.08
9715.94 -0.08
9717.94 -0.09
9719.94 -0.07
9721.94 -0.06
9723.94 -0.11
9725.95 -0.08
9727.95 -0.11
9729.95 -0.07
9731.95 -0.09
9733.95 -0.08
9735.95 -0.05
9737.95 -0.05
9739.95 -0.05
9741.95 -0.05
9743.95 -0.04
9745.95 -0.09
9747.95 -0.03
9749.95 -0.04
9751.95 -0.07
9753.95 -0.03
9755.95 -0.02
9757.95 -0.07
9759.95 -0.07
9761.95 -0.04
9763.95 -0.06
9765.95 -0.04
9767.95 -0.03
9769.95 -0.01
9771.95 -0.04
9773.95 -0.03
9775.96 -0.02
9777.96 -0.05
9779.96 -0.05
9781.96 -0.03
9783.96 -0.01
9785.96 -0.01
9787.96 -0.04
9789.96 -0.04
9791.96 -0.04
9793.96 0
9795.96 0
9797.96 0.01
9799.96 -0.03
9801.96 0.01
9803.96 -0.03
9805.96 0
9807.96 0.03
9809.96 0
9811.96 0.01
9813.96 0.03
9815.96 -0.01
9817.96 -0.01
9819.96 0
9821.96 0.01
9823.96 0.05
9825.97 0.02
9827.97 0.01
9829.97 0.05
9831.97 0.06
9833.97 0.01
9835.97 0.05
9837.97 0.02
9839.97 0.03
9841.97 0.02
9843.97 0.02
9845.97 0.03
9847.97 0.07
9849.97 0.03
9851.97 0.03
9853.97 0.06
9855.97 0.08
9857.97 0.05
9859.97 0.06
9861.97 0.06
9863.97 0.06
9865.97 0.05
9867.97 0.08
9869.97 0.05
9871.97 0.06
9873.97 0.09
9875.98 0.06
9877.98 0.1
9879.98 0.11
9881.98 0.09
9883.98 0.1
9885.98 0.11
9887.98 0.11
9889.98 0.07
9891.98 0.09
9893.98 0.1
9895.98 0.12
9897.98 0.1
9899.98 0.12
9901.98 0.13
9903.98 0.1
9905.98 0.13
9907.98 0.09
9909.98 0.11
9911.98 0.1
9913.98 0.1
9915.98 0.14
9917.98 0.15
9919.98 0.11
9921.98 0.14
9923.98 0.11
9925.99 0.11
9927.99 0.11
9929.99 0.16
9931.99 0.12
9933.99 0.12
9935.99 0.12
9937.99 0.14
9939.99 0.16
9941.99 0.12
9943.99 0.15
9945.99 0.15
9947.99 0.14
9949.99 0.16
9951.99 0.14
9953.99 0.14
9955.99 0.15
9957.99 0.15
9959.99 0.15
9961.99 0.15
9963.99 0.18
9965.99 0.15
9967.99 0.19
9969.99 0.17
9971.99 0.18
9973.99 0.16
9976 0.18
9978 0.18
9980 0.2
9982 0.18
9984 0.2
9986 0.16
9988 0.2
9990 0.19
9992 0.2
9994 0.19
9996 0.18
9998 0.17
10000 0.2
